num, diff, time, interval, avg
3,27959006,1500289395,24,24
4,27945355,1500289458,63,43.5
5,27959000,1500289464,6,31
6,27945349,1500289481,17,27.5
7,27931704,1500289499,18,25.6
8,27945342,1500289504,5,22.166666666666668
9,27958987,1500289508,4,19.571428571428573
10,27945336,1500289535,27,20.5
11,27931691,1500289551,16,20
12,27918053,1500289575,24,20.4
13,27931684,1500289583,8,18.8
14,27945322,1500289585,2,12.7
15,27958967,1500289591,6,12.7
16,27972618,1500289595,4,11.4
17,27986276,1500289598,3,9.9
18,27972611,1500289615,17,11.1
19,27986269,1500289624,9,11.6
20,27999934,1500289635,11,10
21,28013605,1500289639,4,8.8
22,27999927,1500289662,23,8.7
23,27986256,1500289689,27,10.6
24,27999921,1500289699,10,11.4
25,28013592,1500289710,11,11.9
26,27999914,1500289747,37,15.2
27,28013585,1500289757,10,15.9
28,28027263,1500289762,5,14.7
29,28040948,1500289769,7,14.5
30,28054639,1500289771,2,13.6
31,28068337,1500289781,10,14.2
32,28082042,1500289791,10,12.9
33,28095753,1500289803,12,11.4
34,28109471,1500289811,8,11.2
35,28123196,1500289820,9,11
36,28136928,1500289822,2,7.5
37,28150666,1500289829,7,7.2
38,28164411,1500289838,9,7.6
39,28178163,1500289849,11,8
40,28191921,1500289854,5,8.3
41,28205686,1500289858,4,7.7
42,28191914,1500289872,14,8.1
43,28178149,1500289887,15,8.4
44,28164391,1500289912,25,10.1
45,28150639,1500289941,29,12.1
46,28164384,1500289948,7,12.6
47,28178136,1500289954,6,12.5
48,28191894,1500289958,4,12
49,28178129,1500289975,17,12.6
50,28164371,1500289992,17,13.8
51,28178123,1500289997,5,13.9
52,28191881,1500290008,11,13.6
53,28178116,1500290032,24,14.5
54,28191874,1500290036,4,12.4
55,28205639,1500290047,11,10.6
56,28219411,1500290056,9,10.8
57,28233190,1500290067,11,11.3
58,28246975,1500290070,3,11.2
59,28260767,1500290080,10,10.5
60,28246968,1500290095,15,10.3
61,28260760,1500290105,10,10.8
62,28274559,1500290114,9,10.6
63,28260754,1500290132,18,10
64,28274553,1500290143,11,10.7
65,28288358,1500290149,6,10.2
66,28302170,1500290153,4,9.7
67,28288351,1500290171,18,10.4
68,28302163,1500290175,4,10.5
69,28315982,1500290182,7,10.2
70,28329808,1500290194,12,9.9
71,28315976,1500290211,17,10.6
72,28329802,1500290214,3,10
73,28315970,1500290232,18,10
74,28329796,1500290234,2,9.1
75,28343628,1500290242,8,9.3
76,28329789,1500290258,16,10.5
77,28315957,1500290291,33,12
78,28329783,1500290296,5,12.1
79,28343615,1500290305,9,12.3
80,28357454,1500290306,1,11.2
81,28371300,1500290310,4,9.9
82,28385153,1500290317,7,10.3
83,28371294,1500290331,14,9.9
84,28385147,1500290339,8,10.5
85,28371288,1500290367,28,12.5
86,28357435,1500290385,18,12.7
87,28343589,1500290399,14,10.8
88,28329750,1500290456,57,16
89,28315918,1500290473,17,16.8
90,28302092,1500290501,28,19.5
91,28288273,1500290523,22,21.3
92,28302085,1500290531,8,21.4
93,28315904,1500290536,5,20.5
94,28302078,1500290565,29,22.6
95,28315897,1500290571,6,20.4
96,28329723,1500290577,6,19.2
97,28343555,1500290589,12,19
98,28357394,1500290592,3,13.6
99,28371240,1500290603,11,13
100,28357387,1500290620,17,11.9
101,28371233,1500290630,10,10.7
102,28385086,1500290634,4,10.3
103,28371227,1500290658,24,12.2
104,28385080,1500290664,6,9.9
105,28371221,1500290682,18,11.1
106,28385074,1500290686,4,10.9
107,28398933,1500290692,6,10.3
108,28412799,1500290695,3,10.3
109,28398926,1500290742,47,13.9
110,28385060,1500290757,15,13.7
111,28371201,1500290811,54,18.1
112,28357348,1500290834,23,20
113,28371194,1500290836,2,17.8
114,28385047,1500290840,4,17.6
115,28371188,1500290854,14,17.2
116,28385041,1500290857,3,17.1
117,28398900,1500290869,12,17.7
118,28412766,1500290874,5,17.9
119,28398893,1500290895,21,15.3
120,28412759,1500290904,9,14.7
121,28426632,1500290914,10,10.3
122,28440512,1500290926,12,9.2
123,28454398,1500290927,1,9.1
124,28468291,1500290939,12,9.9
125,28454391,1500290966,27,11.2
126,28468284,1500290972,6,11.5
127,28454384,1500291028,56,15.9
128,28468277,1500291035,7,16.1
129,28482177,1500291047,12,15.2
130,28496084,1500291057,10,15.3
131,28509998,1500291059,2,14.5
132,28523918,1500291069,10,14.3
133,28509991,1500291083,14,15.6
134,28523911,1500291089,6,15
135,28537838,1500291091,2,12.5
136,28551772,1500291093,2,12.1
137,28537831,1500291132,39,10.4
138,28551765,1500291136,4,10.1
139,28537824,1500291149,13,10.2
140,28523890,1500291173,24,11.6
141,28537817,1500291185,12,12.6
142,28551751,1500291196,11,12.7
143,28565692,1500291199,3,11.6
144,28579640,1500291203,4,11.4
145,28593594,1500291209,6,11.8
146,28607555,1500291217,8,12.4
147,28621523,1500291222,5,9
148,28607548,1500291242,20,10.6
149,28593580,1500291270,28,12.1
150,28607541,1500291279,9,10.6
151,28593573,1500291293,14,10.8
152,28579612,1500291308,15,11.2
153,28593566,1500291317,9,11.8
154,28607527,1500291323,6,12
155,28621495,1500291333,10,12.4
156,28607520,1500291351,18,13.4
157,28621488,1500291360,9,13.8
158,28635463,1500291365,5,12.3
159,28621481,1500291378,13,10.8
160,28607506,1500291391,13,11.2
161,28621474,1500291392,1,9.9
162,28635449,1500291396,4,8.8
163,28621467,1500291416,20,9.9
164,28607492,1500291437,21,11.4
165,28621460,1500291441,4,10.8
166,28635435,1500291444,3,9.3
167,28649417,1500291447,3,8.7
168,28663405,1500291453,6,8.8
169,28677400,1500291459,6,8.1
170,28663398,1500291490,31,9.9
171,28649403,1500291511,21,11.9
172,28663391,1500291514,3,11.8
173,28677386,1500291525,11,10.9
174,28663384,1500291560,35,12.3
175,28677379,1500291568,8,12.7
176,28663377,1500291584,16,14
177,28649382,1500291626,42,17.9
178,28663370,1500291632,6,17.9
179,28649375,1500291669,37,21
180,28663363,1500291678,9,18.8
181,28649368,1500291703,25,19.2
182,28663356,1500291707,4,19.3
183,28649361,1500291736,29,21.1
184,28635373,1500291777,41,21.7
185,28649355,1500291779,2,21.1
186,28635367,1500291827,48,24.3
187,28621385,1500291850,23,22.4
188,28635360,1500291855,5,22.3
189,28621378,1500291891,36,22.2
190,28635353,1500291899,8,22.1
191,28649335,1500291905,6,20.2
192,28635347,1500291922,17,21.5
193,28649329,1500291931,9,19.5
194,28663317,1500291933,2,15.6
195,28677312,1500291941,8,16.2
196,28663310,1500291960,19,13.3
197,28677305,1500291964,4,11.4
198,28691307,1500291967,3,11.2
199,28677298,1500291984,17,9.3
200,28663296,1500292017,33,11.8
201,28677291,1500292027,10,12.2
202,28663289,1500292072,45,15
203,28649294,1500292085,13,15.4
204,28663282,1500292091,6,15.8
205,28677277,1500292098,7,15.7
206,28663275,1500292121,23,16.1
207,28677270,1500292125,4,16.1
208,28663268,1500292138,13,17.1
209,28649273,1500292160,22,17.6
210,28663261,1500292165,5,14.8
211,28677256,1500292170,5,14.3
212,28691258,1500292172,2,10
213,28705267,1500292179,7,9.4
214,28719283,1500292187,8,9.6
215,28705260,1500292201,14,10.3
216,28691244,1500292222,21,10.1
217,28677235,1500292235,13,11
218,28663233,1500292262,27,12.4
219,28677228,1500292273,11,11.3
220,28663226,1500292303,30,13.8
221,28649231,1500292342,39,17.2
222,28635243,1500292357,15,18.5
223,28649225,1500292362,5,18.3
224,28635237,1500292376,14,18.9
225,28649219,1500292379,3,17.8
226,28663207,1500292384,5,16.2
227,28677202,1500292389,5,15.4
228,28663200,1500292416,27,15.4
229,28677195,1500292423,7,15
230,28663193,1500292454,31,15.1
231,28649198,1500292502,48,16
232,28663186,1500292508,6,15.1
233,28649191,1500292522,14,16
234,28663179,1500292529,7,15.3
235,28649184,1500292556,27,17.7
236,28635196,1500292578,22,19.4
237,28649178,1500292590,12,20.1
238,28635190,1500292608,18,19.2
239,28649172,1500292616,8,19.3
240,28663160,1500292618,2,16.4
241,28677155,1500292626,8,12.4
242,28663153,1500292645,19,13.7
243,28677148,1500292648,3,12.6
244,28691150,1500292655,7,12.6
245,28677141,1500292677,22,12.1
246,28663139,1500292733,56,15.5
247,28649144,1500292757,24,16.7
248,28635156,1500293252,495,64.4
249,28621174,1500293270,18,65.4
250,28607199,1500293352,82,73.4
251,28593231,1500293393,41,76.7
252,28579270,1500293435,42,79
253,28565316,1500293474,39,82.6
254,28551369,1500293791,317,113.6
255,28565310,1500293795,4,111.8
256,28551363,1500293923,128,119
257,28537422,1500293958,35,120.1
258,28523488,1500294084,126,83.2
259,28509561,1500294238,154,96.8
260,28495641,1500294388,150,103.6
261,28481728,1500294419,31,102.6
262,28467821,1500294533,114,109.8
263,28453921,1500294555,22,108.1
264,28467814,1500294562,7,77.1
265,28453914,1500294822,260,102.7
266,28440021,1500295051,229,112.8
267,28453907,1500295053,2,109.5
268,28440014,1500295125,72,104.1
269,28426128,1500295263,138,102.5
270,28412249,1500295391,128,100.3
271,28398376,1500295633,242,121.4
272,28384510,1500295699,66,116.6
273,28370651,1500295723,24,116.8
274,28356799,1500295984,261,142.2
