num, diff, time, interval, avg
3,27959006,1503668804,22,22
4,27945355,1503668823,19,20.5
5,27959000,1503668833,10,17
6,27945349,1503668851,18,17.25
7,27958994,1503668855,4,14.6
8,27945343,1503668883,28,16.833333333333332
9,27931698,1503668899,16,16.714285714285715
10,27918060,1503668925,26,17.875
11,27904429,1503668939,14,17.444444444444443
12,27918054,1503668940,1,15.8
13,27904423,1503668982,42,17.8
14,27890798,1503669020,38,19.7
15,27904416,1503669027,7,19.4
16,27918041,1503669030,3,17.9
17,27931672,1503669036,6,18.1
18,27945310,1503669044,8,16.1
19,27931665,1503669082,38,18.3
20,27918027,1503669097,15,17.2
21,27931658,1503669101,4,16.2
22,27945296,1503669105,4,16.5
23,27958941,1503669111,6,12.9
24,27945290,1503669137,26,11.7
25,27958935,1503669144,7,11.7
26,27972586,1503669153,9,12.3
27,27958928,1503669180,27,14.4
28,27945277,1503669193,13,14.9
29,27931632,1503669218,25,13.6
30,27917994,1503669265,47,16.8
31,27931625,1503669276,11,17.5
32,27917987,1503669295,19,19
33,27931618,1503669304,9,19.3
34,27945256,1503669313,9,17.6
35,27931611,1503669327,14,18.3
36,27945249,1503669331,4,17.8
37,27931604,1503669361,30,18.1
38,27945242,1503669365,4,17.2
39,27931597,1503669381,16,16.3
40,27917959,1503669412,31,14.7
41,27931590,1503669415,3,13.9
42,27945228,1503669417,2,12.2
43,27931583,1503669437,20,13.3
44,27945221,1503669447,10,13.4
45,27931576,1503669471,24,14.4
46,27945214,1503669478,7,14.7
47,27958859,1503669490,12,12.9
48,27945208,1503669506,16,14.1
49,27958853,1503669511,5,13
50,27945202,1503669532,21,12
51,27931557,1503669546,14,13.1
52,27917919,1503669578,32,16.1
53,27904288,1503669591,13,15.4
54,27917913,1503669592,1,14.5
55,27931544,1503669597,5,12.6
56,27945182,1503669606,9,12.8
57,27931537,1503669642,36,15.2
58,27945175,1503669651,9,14.5
59,27958820,1503669659,8,14.8
60,27972471,1503669661,2,12.9
61,27986129,1503669669,8,12.3
62,27999794,1503669676,7,9.8
63,27986123,1503669693,17,10.2
64,27999788,1503669703,10,11.1
65,28013459,1503669712,9,11.5
66,27999781,1503669727,15,12.1
67,28013452,1503669732,5,9
68,28027130,1503669740,8,8.9
69,28040815,1503669746,6,8.7
70,28054506,1503669757,11,9.6
71,28068204,1503669769,12,10
72,28054499,1503669802,33,12.6
73,28068197,1503669806,4,11.3
74,28054492,1503669836,30,13.3
75,28068190,1503669840,4,12.8
76,28081895,1503669844,4,11.7
77,28068184,1503669858,14,12.6
78,28081889,1503669863,5,12.3
79,28095600,1503669869,6,12.3
80,28109318,1503669872,3,11.5
81,28123043,1503669880,8,11.1
82,28109312,1503669929,49,12.7
83,28123037,1503669933,4,12.7
84,28109306,1503669954,21,11.8
85,28123031,1503669957,3,11.7
86,28109300,1503669985,28,14.1
87,28123025,1503669992,7,13.4
88,28136756,1503669993,1,13
89,28123018,1503670008,15,13.9
90,28109287,1503670031,23,15.9
91,28095562,1503670068,37,18.8
92,28081844,1503670098,30,16.9
93,28068133,1503670121,23,18.8
94,28081838,1503670127,6,17.3
95,28095549,1503670135,8,17.8
96,28109267,1503670147,12,16.2
97,28122992,1503670156,9,16.4
98,28109261,1503670201,45,20.8
99,28122986,1503670204,3,19.6
100,28109255,1503670217,13,18.6
101,28122980,1503670222,5,15.4
102,28109249,1503670236,14,13.8
103,28095524,1503670270,34,14.9
104,28081806,1503670320,50,19.3
105,28095517,1503670323,3,18.8
106,28081799,1503670338,15,19.1
107,28095510,1503670341,3,18.5
108,28109228,1503670348,7,14.7
109,28095503,1503670365,17,16.1
110,28109221,1503670366,1,14.9
111,28095496,1503670407,41,18.5
112,28109214,1503670415,8,17.9
113,28122939,1503670427,12,15.7
114,28136670,1503670437,10,11.7
115,28150408,1503670445,8,12.2
116,28164153,1503670449,4,11.1
117,28177905,1503670455,6,11.4
118,28164147,1503670472,17,12.4
119,28150395,1503670485,13,12
120,28164140,1503670492,7,12.6
121,28150388,1503670510,18,10.3
122,28136643,1503670570,60,15.5
123,28150381,1503670574,4,14.7
124,28164126,1503670578,4,14.1
125,28150374,1503670595,17,15
126,28164119,1503670599,4,15
127,28177871,1503670609,10,15.4
128,28191629,1503670618,9,14.6
129,28205394,1503670621,3,13.6
130,28219166,1503670626,5,13.4
131,28232944,1503670638,12,12.8
132,28246729,1503670642,4,7.2
133,28232937,1503670669,27,9.5
134,28219152,1503670704,35,12.6
135,28232930,1503670716,12,12.1
136,28246715,1503670723,7,12.4
137,28260507,1503670726,3,11.7
138,28274306,1503670731,5,11.3
139,28260501,1503670773,42,15.2
140,28246702,1503670832,59,20.6
141,28232910,1503670846,14,20.8
142,28219125,1503670912,66,27
143,28205347,1503670940,28,27.1
144,28219119,1503670943,3,23.9
145,28205341,1503670982,39,26.6
146,28191569,1503670999,17,27.6
147,28177804,1503671014,15,28.8
148,28164046,1503671036,22,30.5
149,28177797,1503671046,10,27.3
150,28191555,1503671050,4,21.8
151,28205320,1503671052,2,20.6
152,28219092,1503671063,11,15.1
153,28205314,1503671093,30,15.3
154,28219086,1503671097,4,15.4
155,28232864,1503671106,9,12.4
156,28246649,1503671117,11,11.8
157,28260441,1503671128,11,11.4
158,28274240,1503671131,3,9.5
159,28288045,1503671137,6,9.1
160,28301857,1503671141,4,9.1
161,28288038,1503671154,13,10.2
162,28301850,1503671156,2,9.3
163,28315669,1503671160,4,6.7
164,28301843,1503671180,20,8.3
165,28315662,1503671192,12,8.6
166,28301836,1503671219,27,10.2
167,28315655,1503671221,2,9.3
168,28329481,1503671230,9,9.9
169,28315649,1503671244,14,10.7
170,28329475,1503671247,3,10.6
171,28343307,1503671257,10,10.3
172,28329468,1503671276,19,12
173,28315636,1503671291,15,13.1
174,28329461,1503671301,10,12.1
175,28343293,1503671307,6,11.5
176,28357132,1503671312,5,9.3
177,28343286,1503671325,13,10.4
178,28329447,1503671342,17,11.2
179,28343279,1503671348,6,10.4
180,28329440,1503671376,28,12.9
181,28343272,1503671385,9,12.8
182,28357111,1503671397,12,12.1
183,28370957,1503671399,2,10.8
184,28384810,1503671404,5,10.3
185,28398669,1503671407,3,10
186,28412535,1503671417,10,10.5
187,28398662,1503671436,19,11.1
188,28412528,1503671440,4,9.8
189,28426401,1503671446,6,9.8
190,28440281,1503671449,3,7.3
191,28454167,1503671461,12,7.6
192,28468060,1503671468,7,7.1
193,28454160,1503671501,33,10.2
194,28468053,1503671507,6,10.3
195,28454153,1503671527,20,12
196,28440260,1503671558,31,14.1
197,28426374,1503671585,27,14.9
198,28440254,1503671588,3,14.8
199,28454140,1503671598,10,15.2
200,28468033,1503671610,12,16.1
201,28481933,1503671616,6,15.5
202,28495840,1503671621,5,15.3
203,28481927,1503671639,18,13.8
204,28495834,1503671650,11,14.3
205,28509747,1503671661,11,13.4
206,28495827,1503671674,13,11.6
207,28509740,1503671682,8,9.7
208,28523660,1503671688,6,10
209,28509733,1503671704,16,10.6
210,28495813,1503671717,13,10.7
211,28509726,1503671726,9,11
212,28495806,1503671741,15,12
213,28509719,1503671752,11,11.3
214,28495799,1503671769,17,11.9
215,28481886,1503671790,21,12.9
216,28467979,1503671824,34,15
217,28481879,1503671830,6,14.8
218,28495786,1503671837,7,14.9
219,28481873,1503671855,18,15.1
220,28467966,1503671893,38,17.6
221,28481866,1503671900,7,17.4
222,28467959,1503671931,31,19
223,28454059,1503671962,31,21
224,28440166,1503671999,37,23
225,28454052,1503672005,6,21.5
226,28440159,1503672041,36,21.7
227,28426273,1503672096,55,26.6
228,28412393,1503672135,39,29.8
229,28398520,1503672218,83,36.3
230,28384654,1503672241,23,34.8
231,28370795,1503672264,23,36.4
232,28384647,1503672276,12,34.5
233,28370788,1503672289,13,32.7
234,28356936,1503672335,46,33.6
235,28343090,1503672355,20,35
236,28329251,1503672409,54,36.8
237,28343083,1503672417,8,32.1
238,28329244,1503672640,223,50.5
239,28315412,1503672664,24,44.6
240,28301587,1503672681,17,44
241,28287768,1503672721,40,45.7
242,28273956,1503672764,43,48.8
243,28260151,1503672783,19,49.4
244,28246353,1503672801,18,46.6
245,28260145,1503672808,7,45.3
246,28273943,1503672815,7,40.6
247,28260138,1503672875,60,45.8
248,28246340,1503672939,64,29.9
249,28232548,1503672986,47,32.2
250,28218763,1503673007,21,32.6
251,28204985,1503673023,16,30.2
252,28191214,1503673041,18,27.7
253,28204979,1503673049,8,26.6
254,28191208,1503673132,83,33.1
255,28204973,1503673137,5,32.9
256,28191202,1503673151,14,33.6
257,28177437,1503673171,20,29.6
258,28163679,1503673197,26,25.8
259,28149928,1503673269,72,28.3
260,28163673,1503673278,9,27.1
261,28149922,1503673310,32,28.7
262,28136177,1503673395,85,35.4
263,28122439,1503673443,48,39.4
264,28136170,1503673448,5,31.6
265,28122432,1503673484,36,34.7
266,28108701,1503673509,25,35.8
267,28122425,1503673518,9,34.7
268,28108694,1503673536,18,33.9
269,28122418,1503673544,8,27.5
270,28136149,1503673548,4,27
271,28149887,1503673554,6,24.4
272,28136142,1503673593,39,19.8
273,28122404,1503673613,20,17
274,28108673,1503673646,33,19.8
275,28094949,1503673693,47,20.9
276,28081231,1503673719,26,21
277,28094942,1503673725,6,20.7
278,28081224,1503673739,14,20.3
279,28067513,1503673762,23,21.8
280,28053809,1503673797,35,24.9
281,28067507,1503673799,2,24.5
282,28053803,1503673817,18,22.4
283,28040105,1503673834,17,22.1
284,28026414,1503673853,19,20.7
285,28040098,1503673854,1,16.1
286,28053789,1503673862,8,14.3
287,28040091,1503673926,64,20.1
288,28026400,1503673943,17,20.4
289,28012716,1503674004,61,24.2
290,27999038,1503674032,28,23.5
291,27985367,1503674049,17,25
292,27999031,1503674061,12,24.4
293,28012702,1503674066,5,23.2
294,28026380,1503674078,12,22.5
295,28012696,1503674102,24,24.8
296,27999018,1503674135,33,27.3
297,27985347,1503674148,13,22.2
298,27971683,1503674170,22,22.7
299,27958025,1503674212,42,20.8
300,27944374,1503674267,55,23.5
301,27930730,1503674294,27,24.5
302,27917092,1503674313,19,25.2
303,27930723,1503674316,3,25
304,27944361,1503674320,4,24.2
305,27930717,1503674388,68,28.6
306,27917079,1503674402,14,26.7
307,27930710,1503674404,2,25.6
308,27944348,1503674411,7,24.1
309,27930704,1503674427,16,21.5
310,27917066,1503674484,57,21.7
311,27903435,1503674518,34,22.4
312,27889811,1503674536,18,22.3
313,27876193,1503674614,78,29.8
314,27889804,1503674619,5,29.9
315,27903422,1503674621,2,23.3
316,27917046,1503674632,11,23
317,27930677,1503674639,7,23.5
318,27917039,1503674752,113,34.1
319,27903408,1503674775,23,34.8
320,27917032,1503674783,8,29.9
321,27930663,1503674787,4,26.9
322,27917025,1503674839,52,30.3
323,27930656,1503674849,10,23.5
324,27917018,1503674912,63,29.3
325,27903387,1503674931,19,31
326,27917011,1503674943,12,31.1
327,27903380,1503674961,18,32.2
328,27889756,1503674994,33,24.2
329,27903374,1503674997,3,22.2
330,27889750,1503675024,27,24.1
331,27876132,1503675065,41,27.8
332,27862521,1503675117,52,27.8
333,27876125,1503675123,6,27.4
334,27862514,1503675160,37,24.8
335,27848910,1503675208,48,27.7
336,27835312,1503675260,52,31.7
337,27848903,1503675261,1,30
338,27862501,1503675264,3,27
339,27876105,1503675266,2,26.9
340,27862494,1503675347,81,32.3
341,27876098,1503675355,8,29
342,27862487,1503675379,24,26.2
343,27848883,1503675399,20,27.6
344,27835285,1503675447,48,28.7
345,27848876,1503675450,3,24.2
346,27835278,1503675471,21,21.1
