num, diff, time, interval, avg
3,27959006,1503649229,18,18
4,27972657,1503649235,6,12
5,27958999,1503649248,13,12.333333333333334
6,27945348,1503649262,14,12.75
7,27958993,1503649265,3,10.8
8,27972644,1503649270,5,9.833333333333334
9,27958986,1503649292,22,11.571428571428571
10,27945335,1503649307,15,12
11,27958980,1503649315,8,11.555555555555555
12,27945329,1503649340,25,12.9
13,27931684,1503649354,14,12.5
14,27945322,1503649358,4,12.3
15,27958967,1503649366,8,11.8
16,27972618,1503649369,3,10.7
17,27958960,1503649382,13,11.7
18,27972611,1503649388,6,11.8
19,27958953,1503649403,15,11.1
20,27972604,1503649408,5,10.1
21,27986262,1503649413,5,9.8
22,27972597,1503649441,28,10.1
23,27986255,1503649451,10,9.7
24,27972590,1503649464,13,10.6
25,27958932,1503649478,14,11.2
26,27972583,1503649482,4,11.3
27,27986241,1503649491,9,10.9
28,27999906,1503649499,8,11.1
29,28013577,1503649503,4,10
30,27999899,1503649520,17,11.2
31,28013570,1503649527,7,11.4
32,28027248,1503649534,7,9.3
33,28040933,1503649541,7,9
34,28054624,1503649552,11,8.8
35,28068322,1503649559,7,8.1
36,28054617,1503649593,34,11.1
37,28068315,1503649599,6,10.8
38,28054610,1503649644,45,14.5
39,28068308,1503649649,5,14.6
40,28054603,1503649673,24,15.3
41,28068301,1503649676,3,14.9
42,28054596,1503649698,22,16.4
43,28068294,1503649702,4,16.1
44,28054589,1503649744,42,19.2
45,28068287,1503649751,7,19.2
46,28081992,1503649758,7,16.5
47,28095703,1503649770,12,17.1
48,28081985,1503649785,15,14.1
49,28068274,1503649798,13,14.9
50,28081979,1503649804,6,13.1
51,28095690,1503649808,4,13.2
52,28109408,1503649813,5,11.5
53,28123133,1503649819,6,11.7
54,28136864,1503649829,10,8.5
55,28150602,1503649837,8,8.6
56,28136857,1503649860,23,10.2
57,28123119,1503649878,18,10.8
58,28136850,1503649888,10,10.3
59,28150588,1503649892,4,9.4
60,28136843,1503649906,14,10.2
61,28150581,1503649910,4,10.2
62,28136836,1503649935,25,12.2
63,28150574,1503649939,4,12
64,28164319,1503649944,5,11.5
65,28150567,1503649965,21,12.8
66,28164312,1503649971,6,11.1
67,28150560,1503649994,23,11.6
68,28164305,1503650001,7,11.3
69,28178057,1503650006,5,11.4
70,28164299,1503650020,14,11.4
71,28178051,1503650029,9,11.9
72,28191809,1503650033,4,9.8
73,28205574,1503650044,11,10.5
74,28191802,1503650064,20,12
75,28205567,1503650070,6,10.5
76,28191795,1503650091,21,12
77,28178030,1503650124,33,13
78,28191788,1503650128,4,12.7
79,28205553,1503650132,4,12.6
80,28219325,1503650134,2,11.4
81,28233103,1503650140,6,11.1
82,28246888,1503650151,11,11.8
83,28260680,1503650156,5,11.2
84,28246881,1503650171,15,10.7
85,28260673,1503650177,6,10.7
86,28274472,1503650183,6,9.2
87,28260667,1503650206,23,8.2
88,28274466,1503650217,11,8.9
89,28288271,1503650227,10,9.5
90,28274459,1503650241,14,10.7
91,28288264,1503650253,12,11.3
92,28274452,1503650269,16,11.8
93,28260647,1503650300,31,14.4
94,28246848,1503650365,65,19.4
95,28233056,1503650384,19,20.7
96,28246841,1503650387,3,20.4
97,28260633,1503650392,5,18.6
98,28246834,1503650405,13,18.8
99,28233042,1503650429,24,20.2
100,28246827,1503650430,1,18.9
101,28233035,1503650452,22,19.9
102,28246820,1503650463,11,19.4
103,28260612,1503650467,4,16.7
104,28274411,1503650471,4,10.6
105,28288216,1503650475,4,9.1
106,28274404,1503650493,18,10.6
107,28260599,1503650511,18,11.9
108,28274398,1503650520,9,11.5
109,28288203,1503650524,4,9.5
110,28274391,1503650539,15,10.9
111,28288196,1503650551,12,9.9
112,28274384,1503650571,20,10.8
113,28288189,1503650579,8,11.2
114,28274377,1503650610,31,13.9
115,28288182,1503650613,3,13.8
116,28274370,1503650628,15,13.5
117,28288175,1503650633,5,12.2
118,28274363,1503650653,20,13.3
119,28288168,1503650658,5,13.4
120,28274356,1503650714,56,17.5
121,28260551,1503650750,36,19.9
122,28246752,1503650763,13,19.2
123,28260544,1503650773,10,19.4
124,28274343,1503650776,3,16.6
125,28288148,1503650778,2,16.5
126,28274336,1503650808,30,18
127,28288141,1503650810,2,17.7
128,28301953,1503650811,1,15.8
129,28288134,1503650842,31,18.4
130,28274322,1503650865,23,15.1
131,28288127,1503650870,5,12
132,28274315,1503650902,32,13.9
133,28288120,1503650910,8,13.7
134,28301932,1503650916,6,14
135,28288113,1503650950,34,17.2
136,28274301,1503650963,13,15.5
137,28260496,1503650986,23,17.6
138,28274295,1503650990,4,17.9
139,28260490,1503651014,24,17.2
140,28274289,1503651020,6,15.5
141,28288094,1503651031,11,16.1
142,28301906,1503651039,8,13.7
143,28315725,1503651049,10,13.9
144,28329551,1503651050,1,13.4
145,28343383,1503651060,10,11
146,28357222,1503651068,8,10.5
147,28371068,1503651074,6,8.8
148,28384921,1503651084,10,9.4
149,28398780,1503651090,6,7.6
150,28412646,1503651096,6,7.6
151,28426519,1503651104,8,7.3
152,28440399,1503651111,7,7.2
153,28426513,1503651139,28,9
154,28440393,1503651150,11,10
155,28454279,1503651156,6,9.6
156,28468172,1503651168,12,10
157,28482072,1503651178,10,10.4
158,28468165,1503651211,33,12.7
159,28482065,1503651220,9,13
160,28468158,1503651234,14,13.8
161,28482058,1503651239,5,13.5
162,28495965,1503651244,5,13.3
163,28482051,1503651276,32,13.7
164,28468144,1503651291,15,14.1
165,28454244,1503651306,15,15
166,28440351,1503651326,20,15.8
167,28454237,1503651332,6,15.4
168,28440344,1503651355,23,14.4
169,28426458,1503651383,28,16.3
170,28440338,1503651388,5,15.4
171,28454224,1503651389,1,15
172,28468117,1503651401,12,15.7
173,28482017,1503651405,4,12.9
174,28468110,1503651434,29,14.3
175,28454210,1503651448,14,14.2
176,28440317,1503651464,16,13.8
177,28426431,1503651495,31,16.3
178,28440311,1503651498,3,14.3
179,28454197,1503651501,3,11.8
180,28440304,1503651514,13,12.6
181,28426418,1503651537,23,14.8
182,28440298,1503651545,8,14.4
183,28426412,1503651567,22,16.2
184,28412532,1503651601,34,16.7
185,28398659,1503651621,20,17.3
186,28412525,1503651625,4,16.1
187,28398652,1503651643,18,14.8
188,28384786,1503651661,18,16.3
189,28398645,1503651671,10,17
190,28412511,1503651680,9,16.6
191,28398638,1503651693,13,15.6
192,28384772,1503651711,18,16.6
193,28370913,1503651728,17,16.1
194,28384765,1503651737,9,13.6
195,28398624,1503651738,1,11.7
196,28384758,1503651762,24,13.7
197,28398617,1503651763,1,12
198,28412483,1503651770,7,10.9
199,28426356,1503651771,1,10
200,28412476,1503651788,17,10.8
201,28426349,1503651795,7,10.2
202,28440229,1503651806,11,9.5
203,28426343,1503651826,20,9.8
204,28440223,1503651830,4,9.3
205,28454109,1503651838,8,10
206,28468002,1503651841,3,7.9
207,28454102,1503651859,18,9.6
208,28467995,1503651863,4,9.3
209,28454095,1503651880,17,10.9
210,28467988,1503651883,3,9.5
211,28481888,1503651895,12,10
212,28495795,1503651900,5,9.4
213,28509708,1503651906,6,8
214,28495788,1503651935,29,10.5
215,28481875,1503651949,14,11.1
216,28467968,1503651974,25,13.3
217,28454068,1503652004,30,14.5
218,28467961,1503652009,5,14.6
219,28454061,1503652055,46,17.5
220,28440168,1503652069,14,18.6
221,28426282,1503652106,37,21.1
222,28440162,1503652114,8,21.4
223,28454048,1503652118,4,21.2
224,28440155,1503652136,18,20.1
225,28454041,1503652141,5,19.2
226,28440148,1503652166,25,19.2
227,28454034,1503652169,3,16.5
228,28467927,1503652171,2,16.2
229,28481827,1503652176,5,12.1
230,28467920,1503652199,23,13
231,28454020,1503652221,22,11.5
232,28467913,1503652228,7,11.4
233,28454013,1503652255,27,13.7
234,28467906,1503652263,8,12.7
235,28481806,1503652272,9,13.1
236,28467899,1503652441,169,27.5
237,28453999,1503652646,205,47.7
238,28440106,1503652712,66,54.1
239,28426220,1503652797,85,62.1
240,28412341,1503652826,29,62.7
241,28398468,1503653070,244,84.9
242,28384602,1503653122,52,89.4
243,28370743,1503653406,284,115.1
244,28356891,1503653524,118,126.1
245,28343045,1503653551,27,127.9
246,28329206,1503653642,91,120.1
247,28315374,1503653731,89,108.5
248,28301549,1503653772,41,106
249,28287730,1503654171,399,137.4
250,28301542,1503654181,10,135.5
251,28287723,1503654220,39,115
252,28273911,1503654420,200,129.8
253,28260106,1503654569,149,116.3
254,28246308,1503654628,59,110.4
255,28232516,1503654683,55,113.2
256,28218731,1503655060,377,141.8
257,28204953,1503655143,83,141.2
258,28191182,1503655256,113,148.4
259,28177417,1503655338,82,116.7
260,28163659,1503655362,24,118.1
261,28149908,1503655414,52,119.4
262,28136163,1503655467,53,104.7
263,28122425,1503655593,126,102.4
264,28108694,1503655749,156,112.1
265,28094970,1503655827,78,114.4
266,28108688,1503655832,5,77.2
267,28094964,1503655848,16,70.5
