num, diff, time, interval, avg
3,27986322,1503668783,9,9
4,27972657,1503668821,38,23.5
5,27958999,1503668841,20,22.333333333333332
6,27945348,1503668871,30,24.25
7,27958993,1503668874,3,20
8,27972644,1503668879,5,17.5
9,27986302,1503668884,5,15.714285714285714
10,27999967,1503668885,1,13.875
11,27986296,1503668909,24,15
12,27972631,1503668930,21,15.6
13,27986289,1503668938,8,15.5
14,27972624,1503668955,17,13.4
15,27986282,1503668958,3,11.7
16,27972617,1503668971,13,10
17,27986275,1503668975,4,10.1
18,27999940,1503668985,10,10.6
19,27986269,1503669004,19,12
20,27972604,1503669051,47,16.6
21,27986262,1503669056,5,14.7
22,27999927,1503669058,2,12.8
23,28013598,1503669066,8,12.8
24,28027276,1503669074,8,11.9
25,28040961,1503669082,8,12.4
26,28027270,1503669096,14,12.5
27,28040955,1503669098,2,12.3
28,28054646,1503669108,10,12.3
29,28068344,1503669120,12,11.6
30,28082049,1503669125,5,7.4
31,28068338,1503669145,20,8.9
32,28082043,1503669152,7,9.4
33,28095754,1503669158,6,9.2
34,28109472,1503669167,9,9.3
35,28095747,1503669181,14,9.9
36,28109465,1503669184,3,8.8
37,28123190,1503669195,11,9.7
38,28136922,1503669197,2,8.9
39,28150660,1503669201,4,8.1
40,28136915,1503669225,24,10
41,28150653,1503669234,9,8.9
42,28164398,1503669237,3,8.5
43,28150646,1503669252,15,9.4
44,28136901,1503669266,14,9.9
45,28123163,1503669307,41,12.6
46,28109431,1503669326,19,14.2
47,28123156,1503669329,3,13.4
48,28136888,1503669341,12,14.4
49,28123150,1503669371,30,17
50,28109418,1503669394,23,16.9
51,28123143,1503669400,6,16.6
52,28136875,1503669405,5,16.8
53,28123137,1503669440,35,18.8
54,28109405,1503669468,28,20.2
55,28123130,1503669478,10,17.1
56,28109399,1503669521,43,19.5
57,28095674,1503669543,22,21.4
58,28109392,1503669553,10,21.2
59,28095667,1503669566,13,19.5
60,28081949,1503669579,13,18.5
61,28095660,1503669580,1,18
62,28081942,1503669616,36,21.1
63,28095653,1503669622,6,18.2
64,28109371,1503669631,9,16.3
65,28123096,1503669639,8,16.1
66,28136827,1503669642,3,12.1
67,28123089,1503669671,29,12.8
68,28136820,1503669672,1,11.9
69,28150558,1503669681,9,11.5
70,28164303,1503669691,10,11.2
71,28150551,1503669706,15,12.6
72,28136806,1503669730,24,11.4
73,28123068,1503669781,51,15.9
74,28109337,1503669795,14,16.4
75,28123062,1503669800,5,16.1
76,28136793,1503669811,11,16.9
77,28123055,1503669827,16,15.6
78,28136786,1503669833,6,16.1
79,28123048,1503669856,23,17.5
80,28136779,1503669865,9,17.4
81,28123041,1503669899,34,19.3
82,28109310,1503669925,26,19.5
83,28095585,1503669942,17,16.1
84,28081867,1503669956,14,16.1
85,28068156,1503669969,13,16.9
86,28054451,1503669996,27,18.5
87,28068149,1503670002,6,17.5
88,28054444,1503670038,36,20.5
89,28040746,1503670055,17,19.9
90,28054437,1503670059,4,19.4
91,28040739,1503670072,13,17.3
92,28027048,1503670093,21,16.8
93,28013363,1503670108,15,16.6
94,28027041,1503670113,5,15.7
95,28013356,1503670137,24,16.8
96,28027034,1503670143,6,14.7
97,28040719,1503670147,4,14.5
98,28054410,1503670152,5,11.4
99,28040712,1503670169,17,11.4
100,28054403,1503670174,5,11.5
101,28068101,1503670178,4,10.6
102,28054396,1503670196,18,10.3
103,28040698,1503670230,34,12.2
104,28027007,1503670243,13,13
105,28040692,1503670255,12,11.8
106,28027001,1503670277,22,13.4
107,28040686,1503670280,3,13.3
108,28026995,1503670315,35,16.3
109,28040680,1503670322,7,15.3
110,28026989,1503670353,31,17.9
111,28040674,1503670364,11,18.6
112,28054365,1503670370,6,17.4
113,28068063,1503670377,7,14.7
114,28081768,1503670384,7,14.1
115,28068057,1503670400,16,14.5
116,28054352,1503670436,36,15.9
117,28040654,1503670462,26,18.2
118,28054345,1503670464,2,14.9
119,28068043,1503670472,8,15
120,28054338,1503670492,20,13.9
121,28040640,1503670513,21,14.9
122,28054331,1503670522,9,15.2
123,28068029,1503670530,8,15.3
124,28081734,1503670536,6,15.2
125,28095445,1503670538,2,13.8
126,28109163,1503670547,9,11.1
127,28095438,1503670562,15,10
128,28081720,1503670640,78,17.6
129,28068009,1503670654,14,18.2
130,28054304,1503670676,22,18.4
131,28068002,1503670679,3,16.6
132,28054297,1503670695,16,17.3
133,28040599,1503670715,20,18.5
134,28026908,1503670742,27,20.6
135,28040593,1503670745,3,20.7
136,28026902,1503670768,23,22.1
137,28040587,1503670771,3,20.9
138,28054278,1503670775,4,13.5
139,28067976,1503670779,4,12.5
140,28081681,1503670785,6,10.9
141,28095392,1503670796,11,11.7
142,28109110,1503670806,10,11.1
143,28122835,1503670811,5,9.6
144,28136566,1503670819,8,7.7
145,28150304,1503670829,10,8.4
146,28164049,1503670830,1,6.2
147,28150298,1503670852,22,8.1
148,28136553,1503670881,29,10.6
149,28150291,1503670891,10,11.2
150,28136546,1503670916,25,13.1
151,28122808,1503670970,54,17.4
152,28136539,1503670975,5,16.9
153,28150277,1503670986,11,17.5
154,28164022,1503670995,9,17.6
155,28177773,1503671007,12,17.8
156,28191531,1503671010,3,18
157,28205296,1503671019,9,16.7
158,28219068,1503671027,8,14.6
159,28232846,1503671039,12,14.8
160,28246631,1503671041,2,12.5
161,28260423,1503671043,2,7.3
162,28274222,1503671052,9,7.7
163,28288027,1503671061,9,7.5
164,28301839,1503671069,8,7.4
165,28315658,1503671076,7,6.9
166,28301832,1503671106,30,9.6
167,28288013,1503671140,34,12.1
168,28301825,1503671146,6,11.9
169,28288006,1503671185,39,14.6
170,28301818,1503671194,9,15.3
171,28287999,1503671211,17,16.8
172,28274187,1503671230,19,17.8
173,28287992,1503671238,8,17.7
174,28301804,1503671244,6,17.5
175,28315623,1503671252,8,17.6
176,28329448,1503671256,4,15
177,28343280,1503671268,12,12.8
178,28357119,1503671270,2,12.4
179,28370965,1503671275,5,9
180,28357112,1503671319,44,12.5
181,28343266,1503671332,13,12.1
182,28357105,1503671337,5,10.7
183,28370951,1503671349,12,11.1
184,28384804,1503671356,7,11.2
185,28398663,1503671358,2,10.6
186,28384797,1503671383,25,12.7
187,28398656,1503671385,2,11.7
188,28412522,1503671389,4,11.9
189,28426395,1503671391,2,11.6
190,28440275,1503671398,7,7.9
191,28454161,1503671401,3,6.9
192,28468054,1503671405,4,6.8
193,28454154,1503671422,17,7.3
194,28468047,1503671432,10,7.6
195,28454147,1503671473,41,11.5
196,28468040,1503671475,2,9.2
197,28454140,1503671522,47,13.7
198,28468033,1503671529,7,14
199,28454133,1503671558,29,16.7
200,28440240,1503671577,19,17.9
201,28426354,1503671594,17,19.3
202,28440234,1503671599,5,19.4
203,28426348,1503671617,18,19.5
204,28412468,1503671647,30,21.5
205,28398595,1503671671,24,19.8
206,28412461,1503671674,3,19.9
207,28426334,1503671679,5,15.7
208,28412454,1503671695,16,16.6
209,28426327,1503671702,7,14.4
210,28440207,1503671706,4,12.9
211,28426321,1503671748,42,15.4
212,28412441,1503671761,13,16.2
213,28398568,1503671778,17,16.1
214,28384702,1503671813,35,16.6
215,28370843,1503671828,15,15.7
216,28384695,1503671833,5,15.9
217,28398554,1503671845,12,16.6
218,28412420,1503671851,6,15.6
219,28398547,1503671876,25,17.4
220,28412413,1503671882,6,17.6
221,28398540,1503671897,15,14.9
222,28384674,1503671959,62,19.8
223,28370815,1503671978,19,20
224,28356963,1503672037,59,22.4
225,28370809,1503672048,11,22
226,28356957,1503672087,39,25.4
227,28370803,1503672095,8,25
228,28356951,1503672141,46,29
229,28370797,1503672153,12,27.7
230,28356945,1503672193,40,31.1
231,28370791,1503672200,7,30.3
232,28384643,1503672209,9,25
233,28398502,1503672221,12,24.3
234,28384636,1503672339,118,30.2
235,28370777,1503672375,36,32.7
236,28384629,1503672376,1,28.9
237,28398488,1503672384,8,28.9
238,28412354,1503672387,3,24.6
239,28426227,1503672397,10,24.4
240,28412348,1503672416,19,22.3
241,28398475,1503672432,16,23.2
242,28384609,1503672466,34,25.7
243,28398468,1503672472,6,25.1
244,28384602,1503672539,67,20
245,28370743,1503672558,19,18.3
246,28384595,1503672565,7,18.9
247,28370736,1503672611,46,22.7
248,28356884,1503672639,28,25.2
249,28343038,1503672671,32,27.4
250,28329199,1503672699,28,28.3
251,28315367,1503672721,22,28.9
252,28301542,1503672754,33,28.8
253,28315361,1503672764,10,29.2
254,28329186,1503672774,10,23.5
255,28315354,1503672848,74,29
256,28301529,1503672904,56,33.9
257,28287710,1503672922,18,31.1
258,28273898,1503672993,71,35.4
259,28287703,1503673004,11,33.3
260,28273891,1503673017,13,31.8
261,28260086,1503673032,15,31.1
262,28246288,1503673060,28,30.6
263,28232496,1503673090,30,32.6
264,28246281,1503673101,11,32.7
265,28232489,1503673134,33,28.6
266,28218704,1503673167,33,26.3
267,28204926,1503673242,75,32
268,28191155,1503673257,15,26.4
269,28204920,1503673262,5,25.8
270,28218691,1503673264,2,24.7
271,28204913,1503673281,17,24.9
272,28218684,1503673290,9,23
273,28204906,1503673305,15,21.5
274,28191135,1503673331,26,23
275,28177370,1503673399,68,26.5
276,28163612,1503673419,20,25.2
277,28149861,1503673470,51,22.8
278,28136116,1503673485,15,22.8
279,28122378,1503673505,20,24.3
280,28108647,1503673522,17,25.8
281,28122371,1503673532,10,25.1
282,28108640,1503673663,131,37.3
283,28094916,1503673692,29,38.7
284,28081198,1503673721,29,39
285,28067487,1503673750,29,35.1
286,28053783,1503673777,27,35.8
287,28067481,1503673783,6,31.3
288,28053777,1503673853,70,36.8
289,28067475,1503673856,3,35.1
290,28053771,1503673872,16,35
291,28067469,1503673878,6,34.6
292,28053765,1503674028,150,36.5
293,28040067,1503674077,49,38.5
294,28026376,1503674117,40,39.6
295,28012692,1503674138,21,38.8
296,27999014,1503674162,24,38.5
297,27985343,1503674247,85,46.4
298,27971679,1503674266,19,41.3
299,27985337,1503674273,7,41.7
300,27971673,1503674355,82,48.3
301,27985331,1503674363,8,48.5
302,27971667,1503674392,29,36.4
303,27958009,1503674447,55,37
304,27971660,1503674456,9,33.9
305,27985318,1503674463,7,32.5
306,27998982,1503674475,12,31.3
307,28012653,1503674478,3,23.1
308,28026331,1503674481,3,21.5
309,28012647,1503674520,39,24.7
310,27998969,1503674555,35,20
311,27985298,1503674571,16,20.8
312,27998962,1503674583,12,19.1
313,27985291,1503674667,84,22
314,27998955,1503674670,3,21.4
315,27985284,1503674683,13,22
316,27971620,1503674717,34,24.2
317,27957962,1503674782,65,30.4
318,27944311,1503674862,80,38.1
319,27957955,1503674868,6,34.8
320,27944304,1503674922,54,36.7
321,27930660,1503674962,40,39.1
322,27917022,1503675131,169,54.8
323,27903391,1503675185,54,51.8
324,27917015,1503675196,11,52.6
325,27930646,1503675199,3,51.6
326,27917008,1503675214,15,49.7
327,27903377,1503675233,19,45.1
328,27917001,1503675245,12,38.3
329,27930632,1503675250,5,38.2
330,27916994,1503675291,41,36.9
331,27903363,1503675346,55,38.4
332,27889739,1503675406,60,27.5
333,27876121,1503675428,22,24.3
334,27889732,1503675431,3,23.5
