num, diff, time, interval, avg
3,27986322,1499959186,4,4
4,27999987,1499959192,6,5
5,27986316,1499959209,17,9
6,27972651,1499959288,79,26.5
7,27958993,1499959316,28,26.8
8,27945342,1499959359,43,29.5
9,27958987,1499959364,5,26
10,27972638,1499959368,4,23.25
11,27986296,1499959375,7,21.444444444444443
12,27999961,1499959385,10,20.3
13,27986290,1499959404,19,21.8
14,27999955,1499959406,2,21.4
15,28013626,1499959417,11,20.8
16,27999948,1499959438,21,15
17,28013619,1499959441,3,12.5
18,28027297,1499959450,9,9.1
19,28013612,1499959466,16,10.2
20,27999934,1499959485,19,11.7
21,28013605,1499959487,2,11.2
22,28027283,1499959496,9,11.1
23,28040968,1499959498,2,9.4
24,28027277,1499959511,13,10.5
25,28040962,1499959516,5,9.9
26,28054653,1499959522,6,8.4
27,28040955,1499959540,18,9.9
28,28054646,1499959547,7,9.7
29,28040948,1499959565,18,9.9
30,28054639,1499959574,9,8.9
31,28068337,1499959581,7,9.4
32,28082042,1499959584,3,8.8
33,28095753,1499959595,11,9.7
34,28109471,1499959599,4,8.8
35,28123196,1499959604,5,8.8
36,28136928,1499959606,2,8.4
37,28150666,1499959613,7,7.3
38,28164411,1499959616,3,6.9
39,28178163,1499959627,11,6.2
40,28164405,1499959643,16,6.9
41,28178157,1499959649,6,6.8
42,28191915,1499959652,3,6.8
43,28205680,1499959664,12,6.9
44,28219452,1499959672,8,7.3
45,28205673,1499959692,20,8.8
46,28219445,1499959698,6,9.2
47,28233224,1499959703,5,9
48,28219439,1499959724,21,10.8
49,28233218,1499959732,8,10.5
50,28219433,1499959762,30,11.9
51,28233212,1499959768,6,11.9
52,28219427,1499959782,14,13
53,28205648,1499959795,13,13.1
54,28191876,1499959828,33,15.6
55,28178111,1499959853,25,16.1
56,28191869,1499959860,7,16.2
57,28178104,1499959886,26,18.3
58,28164346,1499959901,15,17.7
59,28178098,1499959913,12,18.1
60,28191856,1499959919,6,15.7
61,28205621,1499959925,6,15.7
62,28191849,1499959943,18,16.1
63,28205614,1499959949,6,15.4
64,28219386,1499959953,4,12.5
65,28205608,1499959966,13,11.3
66,28219380,1499959973,7,11.3
67,28205602,1499960008,35,12.2
68,28219374,1499960012,4,11.1
69,28205596,1499960027,15,11.4
70,28219368,1499960034,7,11.5
71,28233146,1499960038,4,11.3
72,28246931,1499960041,3,9.8
73,28260723,1499960051,10,10.2
74,28274522,1499960055,4,10.2
75,28288327,1499960064,9,9.8
76,28274515,1499960086,22,11.3
77,28260710,1499960117,31,10.9
78,28274509,1499960118,1,10.6
79,28288314,1499960124,6,9.7
80,28274502,1499960156,32,12.2
81,28260697,1499960172,16,13.4
82,28246898,1499960213,41,17.2
83,28260690,1499960216,3,16.5
84,28246891,1499960241,25,18.6
85,28260683,1499960247,6,18.3
86,28274482,1499960258,11,17.2
87,28288287,1499960263,5,14.6
88,28274475,1499960280,17,16.2
89,28260670,1499960297,17,17.3
90,28274469,1499960306,9,15
91,28288274,1499960313,7,14.1
92,28302086,1499960322,9,10.9
93,28288267,1499960338,16,12.2
94,28302079,1499960342,4,10.1
95,28315898,1499960346,4,9.9
96,28302072,1499960406,60,14.8
97,28315891,1499960414,8,15.1
98,28302065,1499960435,21,15.5
99,28288246,1499960450,15,15.3
100,28302058,1499960454,4,14.8
101,28288239,1499960476,22,16.3
102,28302051,1499960485,9,16.3
103,28315870,1499960486,1,14.8
104,28302044,1499960499,13,15.7
105,28288225,1499960529,30,18.3
106,28302037,1499960534,5,12.8
107,28315856,1499960542,8,12.8
108,28329682,1499960551,9,11.6
109,28343514,1499960555,4,10.5
110,28357353,1499960564,9,11
111,28371199,1499960571,7,9.5
112,28385052,1499960577,6,9.2
113,28398911,1499960584,7,9.8
114,28412777,1499960587,3,8.8
115,28426650,1499960591,4,6.2
116,28440530,1499960596,5,6.2
117,28426644,1499960610,14,6.8
118,28440524,1499960615,5,6.4
119,28426638,1499960637,22,8.2
120,28440518,1499960646,9,8.2
121,28454404,1499960650,4,7.9
122,28468297,1499960659,9,8.2
123,28482197,1499960667,8,8.3
124,28496104,1499960676,9,8.9
125,28482190,1499960700,24,10.9
126,28468283,1499960716,16,12
127,28454383,1499960735,19,12.5
128,28440490,1499960769,34,15.4
129,28454376,1499960778,9,14.1
130,28468269,1499960781,3,13.5
131,28482169,1499960791,10,14.1
132,28496076,1499960795,4,13.6
133,28509990,1499960801,6,13.4
134,28523910,1499960813,12,13.7
135,28537837,1499960815,2,11.5
136,28551771,1499960825,10,10.9
137,28537830,1499960848,23,11.3
138,28523896,1499960861,13,9.2
139,28537823,1499960866,5,8.8
140,28523889,1499960882,16,10.1
141,28537816,1499960887,5,9.6
142,28551750,1499960897,10,10.2
143,28565691,1499960908,11,10.7
144,28579639,1499960914,6,10.1
145,28593593,1499960917,3,10.2
146,28607554,1499960922,5,9.7
147,28621522,1499960924,2,7.6
148,28635497,1499960931,7,7
149,28649479,1499960943,12,7.7
150,28663468,1499960953,10,7.1
151,28677463,1499960958,5,7.1
152,28663461,1499960982,24,8.5
153,28677456,1499960984,2,7.6
154,28663454,1499960997,13,8.3
155,28649459,1499961012,15,9.5
156,28635471,1499961044,32,12.2
157,28649453,1499961049,5,12.5
158,28635465,1499961065,16,13.4
159,28649447,1499961070,5,12.7
160,28635459,1499961108,38,15.5
161,28621477,1499961139,31,18.1
162,28635452,1499961144,5,16.2
163,28621470,1499961159,15,17.5
164,28635445,1499961170,11,17.3
165,28621463,1499961187,17,17.5
166,28635438,1499961194,7,15
167,28621456,1499961229,35,18
168,28607481,1499961253,24,18.8
169,28593513,1499961266,13,19.6
170,28607474,1499961274,8,16.6
171,28621442,1499961286,12,14.7
172,28635417,1499961293,7,14.9
173,28649399,1499961303,10,14.4
174,28663387,1499961310,7,14
175,28677382,1499961321,11,13.4
176,28691384,1499961329,8,13.5
177,28677375,1499961366,37,13.7
178,28691377,1499961373,7,12
179,28705386,1499961383,10,11.7
180,28719402,1499961388,5,11.4
181,28705379,1499961406,18,12
182,28719395,1499961414,8,12.1
183,28705372,1499961430,16,12.7
184,28719388,1499961437,7,12.7
185,28705365,1499961485,48,16.4
186,28719381,1499961488,3,15.9
187,28733404,1499961498,10,13.2
188,28719375,1499961511,13,13.8
189,28733398,1499961519,8,13.6
190,28719369,1499961532,13,14.4
191,28733392,1499961540,8,13.4
192,28747421,1499961546,6,13.2
193,28761457,1499961550,4,12
194,28747414,1499961630,80,19.3
195,28761450,1499961640,10,15.5
196,28775493,1499961647,7,15.9
197,28761443,1499961665,18,16.7
198,28747400,1499961694,29,18.3
199,28761436,1499961699,5,18
200,28747393,1499961712,13,18
201,28733357,1499961738,26,19.8
202,28747386,1499961740,2,19.4
203,28761422,1499961747,7,19.7
204,28775465,1499961756,9,12.6
205,28761415,1499961782,26,14.2
206,28775458,1499961789,7,14.2
207,28761408,1499961846,57,18.1
208,28747365,1499961861,15,16.7
209,28761401,1499961865,4,16.6
210,28775444,1499961871,6,15.9
211,28789494,1499961883,12,14.5
212,28803551,1499961891,8,15.1
213,28817615,1499961894,3,14.7
214,28831686,1499961904,10,14.8
215,28817609,1499961956,52,17.4
216,28831680,1499961964,8,17.5
217,28817603,1499961991,27,14.5
218,28831674,1499962000,9,13.9
219,28845751,1499962010,10,14.5
220,28859835,1499962014,4,14.3
221,28845744,1499962036,22,15.3
222,28831660,1499962068,32,17.7
223,28817583,1499962084,16,19
224,28831654,1499962086,2,18.2
225,28845731,1499962091,5,13.5
226,28859815,1499962094,3,13
227,28845724,1499962120,26,12.9
228,28831640,1499962135,15,13.5
229,28845717,1499962142,7,13.2
230,28859801,1499962146,4,13.2
231,28845710,1499962237,91,20.1
232,28859794,1499962240,3,17.2
233,28845703,1499962259,19,17.5
234,28859787,1499962263,4,17.7
235,28873878,1499962271,8,18
236,28887976,1499962276,5,18.2
237,28902081,1499962278,2,15.8
238,28916193,1499962290,12,15.5
239,28902074,1499962327,37,18.5
240,28887962,1499962353,26,20.7
241,28902067,1499962361,8,12.4
242,28887955,1499962377,16,13.7
243,28902060,1499962385,8,12.6
244,28916172,1499962390,5,12.7
245,28930291,1499962399,9,12.8
246,28916165,1499962424,25,14.8
247,28930284,1499962427,3,14.9
248,28944410,1499962433,6,14.3
249,28958543,1499962437,4,11
250,28972682,1499962439,2,8.6
251,28958536,1499962453,14,9.2
252,28972675,1499962459,6,8.2
253,28986821,1499962470,11,8.5
254,28972668,1499962490,20,10
255,28958522,1499962579,89,18
256,28944383,1499962626,47,20.2
257,28930251,1499962659,33,23.2
258,28916125,1499962686,27,25.3
259,28930244,1499962691,5,25.4
260,28916118,1499962743,52,30.4
261,28930237,1499962747,4,29.4
262,28916111,1499962782,35,32.3
263,28901992,1499962800,18,33
264,28887880,1499962839,39,34.9
265,28901985,1499962845,6,26.6
266,28887873,1499962892,47,26.6
267,28873768,1499962916,24,25.7
268,28887866,1499962927,11,24.1
269,28873761,1499962944,17,25.3
270,28887859,1499962954,10,21.1
271,28873754,1499962979,25,23.2
272,28859656,1499963008,29,22.6
273,28845565,1499963026,18,22.6
274,28831481,1499963106,80,26.7
275,28817404,1499963133,27,28.8
276,28803334,1499963150,17,25.8
277,28817398,1499963154,4,23.8
278,28803328,1499963179,25,25.2
279,28817392,1499963188,9,24.4
280,28803322,1499963225,37,27.1
281,28817386,1499963235,10,25.6
282,28803316,1499963293,58,28.5
283,28789252,1499963343,50,31.7
284,28803309,1499963351,8,24.5
285,28817373,1499963353,2,22
286,28831443,1499963355,2,20.5
287,28817366,1499963389,34,23.5
288,28803296,1499963402,13,22.3
289,28789232,1499963425,23,23.7
290,28803289,1499963435,10,21
291,28789225,1499963487,52,25.2
292,28775168,1499963504,17,21.1
293,28789218,1499963510,6,16.7
294,28803275,1499963519,9,16.8
295,28789211,1499963534,15,18.1
296,28775154,1499963557,23,20.2
297,28789204,1499963568,11,17.9
298,28775147,1499963651,83,24.9
299,28761097,1499963687,36,26.2
300,28747054,1499963708,21,27.3
301,28761090,1499963717,9,23
302,28747047,1499963799,82,29.5
303,28733011,1499963874,75,36.4
304,28718982,1499963891,17,37.2
305,28704960,1499963907,16,37.3
306,28718976,1499963908,1,35.1
307,28704954,1499963966,58,39.8
308,28690938,1499963986,20,33.5
309,28704947,1499963995,9,30.8
310,28690931,1499964061,66,35.3
311,28676922,1499964186,125,46.9
312,28690924,1499964189,3,39
313,28676915,1499964246,57,37.2
314,28690917,1499964249,3,35.8
315,28704926,1499964254,5,34.7
316,28690910,1499964282,28,37.4
317,28676901,1499964359,77,39.3
318,28662899,1499964374,15,38.8
319,28676894,1499964379,5,38.4
320,28690896,1499964390,11,32.9
321,28676887,1499964408,18,22.2
322,28662885,1499964482,74,29.3
323,28648890,1499964499,17,25.3
324,28662878,1499964503,4,25.4
325,28676873,1499964514,11,26
326,28662871,1499964531,17,24.9
327,28676866,1499964534,3,17.5
328,28662864,1499964548,14,17.4
329,28648869,1499964565,17,18.6
330,28634881,1499964584,19,19.4
331,28620900,1499964610,26,20.2
332,28634875,1499964621,11,13.9
333,28648856,1499964629,8,13
334,28634868,1499964707,78,20.4
335,28620887,1499964724,17,21
336,28606912,1499964741,17,21
337,28620880,1499964744,3,21
338,28606905,1499964759,15,21.1
339,28592937,1499964773,14,20.8
340,28606898,1499964784,11,20
341,28620866,1499964790,6,18
342,28606891,1499964831,41,21
343,28592923,1499964880,49,25.1
344,28578962,1499964911,31,20.4
345,28592916,1499964917,6,19.3
346,28578955,1499964944,27,20.3
347,28565001,1499964965,21,22.1
348,28578948,1499964977,12,21.8
349,28592902,1499964985,8,21.2
350,28606863,1499964988,3,20.4
351,28620831,1499964994,6,20.4
352,28606856,1499965024,30,19.3
353,28592888,1499965039,15,15.9
354,28606849,1499965051,12,14
355,28620817,1499965062,11,14.5
356,28634792,1499965070,8,12.6
357,28620811,1499965126,56,16.1
358,28606836,1499965139,13,16.2
359,28592868,1499965152,13,16.7
360,28578907,1499965169,17,18.1
361,28564953,1499965182,13,18.8
362,28551006,1499965210,28,18.6
363,28564946,1499965222,12,18.3
364,28550999,1499965241,19,19
365,28537059,1499965255,14,19.3
366,28550993,1499965261,6,19.1
367,28537053,1499965277,16,15.1
368,28523119,1499965329,52,19
369,28537046,1499965339,10,18.7
370,28523112,1499965364,25,19.5
371,28509185,1499965457,93,27.5
372,28495265,1499965502,45,29.2
373,28509178,1499965514,12,29.2
374,28523098,1499965522,8,28.1
375,28537025,1499965532,10,27.7
376,28550959,1499965537,5,27.6
377,28564899,1499965542,5,26.5
378,28578846,1499965552,10,22.3
379,28564892,1499965577,25,23.8
380,28578839,1499965585,8,22.1
381,28564885,1499965616,31,15.9
382,28550938,1499965629,13,12.7
383,28536998,1499965687,58,17.3
384,28523064,1499965730,43,20.8
385,28509137,1499965751,21,21.9
386,28495217,1499965784,33,24.7
387,28481304,1499965824,40,28.2
388,28495210,1499965828,4,27.6
389,28509123,1499965838,10,26.1
390,28523043,1499965843,5,25.8
391,28536970,1499965855,12,23.9
392,28550904,1499965860,5,23.1
393,28536964,1499965896,36,20.9
394,28523030,1499965910,14,18
395,28536957,1499965915,5,16.4
396,28523023,1499965934,19,15
397,28536950,1499965942,8,11.8
398,28523016,1499965956,14,12.8
399,28509089,1499965974,18,13.6
400,28523009,1499965975,1,13.2
401,28536936,1499965982,7,12.7
402,28550870,1499965985,3,12.5
