num, diff, time, interval, avg
3,27986322,1499934130,12,12
4,27999987,1499934134,4,8
5,27986316,1499934163,29,15
6,27972651,1499934207,44,22.25
7,27986309,1499934210,3,18.4
8,27972644,1499934226,16,18
9,27958986,1499934270,44,21.714285714285715
10,27945335,1499934292,22,21.75
11,27958980,1499934297,5,19.88888888888889
12,27972631,1499934302,5,18.4
13,27958973,1499934349,47,21.9
14,27972624,1499934356,7,22.2
15,27958966,1499934370,14,20.7
16,27972617,1499934381,11,17.4
17,27986275,1499934385,4,17.5
18,27972610,1499934427,42,20.1
19,27986268,1499934429,2,15.9
20,27972603,1499934446,17,15.4
21,27958945,1499934462,16,16.5
22,27945294,1499934482,20,18
23,27958939,1499934494,12,14.5
24,27972590,1499934502,8,14.6
25,27986248,1499934509,7,13.9
26,27999913,1499934512,3,13.1
27,27986242,1499934536,24,15.1
28,27999907,1499934545,9,11.8
29,27986236,1499934559,14,13
30,27999901,1499934566,7,12
31,27986230,1499934621,55,15.9
32,27999895,1499934631,10,14.9
33,28013566,1499934642,11,14.8
34,28027244,1499934646,4,14.4
35,28013559,1499934667,21,15.8
36,28027237,1499934677,10,16.5
37,28040922,1499934685,8,14.9
38,28027231,1499934699,14,15.4
39,28040916,1499934710,11,15.1
40,28027225,1499934769,59,20.3
41,28040910,1499934771,2,15
42,28054601,1499934774,3,14.3
43,28068299,1499934784,10,14.2
44,28054594,1499934802,18,15.6
45,28040896,1499934834,32,16.7
46,28054587,1499934836,2,15.9
47,28068285,1499934844,8,15.9
48,28081990,1499934852,8,15.3
49,28068279,1499934873,21,16.3
50,28054574,1499934893,20,12.4
51,28068272,1499934894,1,12.3
52,28054567,1499934923,29,14.9
53,28040869,1499934968,45,18.4
54,28054560,1499934978,10,17.6
55,28068258,1499934984,6,15
56,28081963,1499934991,7,15.5
57,28095674,1499934997,6,15.3
58,28109392,1499935002,5,15
59,28123117,1499935007,5,13.4
60,28109386,1499935028,21,13.5
61,28123111,1499935038,10,14.4
62,28136842,1499935050,12,12.7
63,28150580,1499935059,9,9.1
64,28164325,1499935062,3,8.4
65,28178077,1499935071,9,8.7
66,28191835,1499935080,9,8.9
67,28205600,1499935086,6,8.9
68,28219372,1499935089,3,8.7
69,28233150,1499935093,4,8.6
70,28246935,1499935102,9,7.4
71,28260727,1499935106,4,6.8
72,28246928,1499935141,35,9.1
73,28260720,1499935143,2,8.4
74,28274519,1499935153,10,9.1
75,28260714,1499935171,18,10
76,28274513,1499935183,12,10.3
77,28260708,1499935200,17,11.4
78,28274507,1499935205,5,11.6
79,28288312,1499935213,8,12
80,28274500,1499935243,30,14.1
81,28260695,1499935258,15,15.2
82,28246896,1499935286,28,14.5
83,28260688,1499935291,5,14.8
84,28246889,1499935355,64,20.2
85,28233097,1499935376,21,20.5
86,28246882,1499935381,5,19.8
87,28260674,1499935385,4,18.5
88,28274473,1499935394,9,18.9
89,28260668,1499935415,21,20.2
90,28246869,1499935437,22,19.4
91,28233077,1499935458,21,20
92,28246862,1499935462,4,17.6
93,28260654,1499935467,5,17.6
94,28274453,1499935468,1,11.3
95,28288258,1499935474,6,9.8
96,28302070,1499935484,10,10.3
97,28288251,1499935504,20,11.9
98,28274439,1499935523,19,12.9
99,28260634,1499935536,13,12.1
100,28274433,1499935541,5,10.4
101,28260628,1499935565,24,10.7
102,28274427,1499935571,6,10.9
103,28260622,1499935594,23,12.7
104,28274421,1499935604,10,13.6
105,28288226,1499935615,11,14.1
106,28302038,1499935627,12,14.3
107,28288219,1499935650,23,14.6
108,28302031,1499935656,6,13.3
109,28315850,1499935659,3,12.3
110,28329676,1499935669,10,12.8
111,28343508,1499935671,2,10.6
112,28329669,1499935705,34,13.4
113,28343501,1499935707,2,11.3
114,28357340,1499935715,8,11.1
115,28343494,1499935730,15,11.5
116,28329655,1499935745,15,11.8
117,28343487,1499935748,3,9.8
118,28329648,1499935775,27,11.9
119,28315816,1499935835,60,17.6
120,28329642,1499935843,8,17.4
121,28315810,1499935862,19,19.1
122,28329636,1499935868,6,16.3
123,28343468,1499935876,8,16.9
124,28357307,1499935886,10,17.1
125,28371153,1499935894,8,16.4
126,28357300,1499935907,13,16.2
127,28343454,1499935929,22,18.1
128,28357293,1499935938,9,16.3
129,28343447,1499935971,33,13.6
130,28357286,1499935981,10,13.8
131,28371132,1499935986,5,12.4
132,28357279,1499936018,32,15
133,28343433,1499936039,21,16.3
134,28329594,1499936056,17,17
135,28315762,1499936069,13,17.5
136,28301936,1499936101,32,19.4
137,28315755,1499936111,10,18.2
138,28329581,1499936120,9,18.2
139,28343413,1499936123,3,15.2
140,28329574,1499936140,17,15.9
141,28315742,1499936156,16,17
142,28329568,1499936161,5,14.3
143,28315736,1499936176,15,13.7
144,28329562,1499936180,4,12.4
145,28315730,1499936204,24,13.5
146,28301904,1499936217,13,11.6
147,28315723,1499936228,11,11.7
148,28301897,1499936253,25,13.3
149,28315716,1499936256,3,13.3
150,28329542,1499936259,3,11.9
151,28343374,1499936266,7,11
152,28357213,1499936271,5,11
153,28371059,1499936274,3,9.8
154,28384912,1499936280,6,10
155,28398771,1499936288,8,8.4
156,28384905,1499936330,42,11.3
157,28371046,1499936354,24,12.6
158,28357193,1499936388,34,13.5
159,28371039,1499936397,9,14.1
160,28384892,1499936408,11,14.9
161,28398751,1499936412,4,14.6
162,28412617,1499936422,10,15.1
163,28426490,1499936428,6,15.4
164,28440370,1499936436,8,15.6
165,28426484,1499936450,14,16.2
166,28440364,1499936457,7,12.7
167,28426478,1499936487,30,13.3
168,28440358,1499936492,5,10.4
169,28454244,1499936503,11,10.6
170,28468137,1499936515,12,10.7
171,28482037,1499936519,4,10.7
172,28495944,1499936530,11,10.8
173,28482030,1499936553,23,12.5
174,28495937,1499936562,9,12.6
175,28482023,1499936577,15,12.7
176,28495930,1499936579,2,12.2
177,28509844,1499936583,4,9.6
178,28495924,1499936605,22,11.3
179,28509838,1499936613,8,11
180,28495918,1499936634,21,11.9
181,28509832,1499936645,11,12.6
182,28495912,1499936670,25,14
183,28481998,1499936697,27,14.4
184,28495905,1499936701,4,13.9
185,28509819,1499936706,5,12.9
186,28495899,1499936727,21,14.8
187,28481985,1499936749,22,16.6
188,28468078,1499936787,38,18.2
189,28481978,1499936795,8,18.2
190,28468071,1499936808,13,17.4
191,28481971,1499936816,8,17.1
192,28468064,1499936832,16,16.2
193,28454164,1499936846,14,14.9
194,28468057,1499936854,8,15.3
195,28481957,1499936865,11,15.9
196,28495864,1499936877,12,15
197,28481951,1499936894,17,14.5
198,28495858,1499936906,12,11.9
199,28509771,1499936912,6,11.7
200,28495851,1499936930,18,12.2
201,28481938,1499936946,16,13
202,28495845,1499936954,8,12.2
203,28509758,1499936957,3,11.1
204,28495838,1499936982,25,12.8
205,28509751,1499936989,7,12.4
206,28523671,1499936996,7,11.9
207,28537598,1499937003,7,10.9
208,28551532,1499937006,3,10
209,28537591,1499937020,14,10.8
210,28551525,1499937031,11,10.1
211,28537584,1499937052,21,10.6
212,28523650,1499937069,17,11.5
213,28537577,1499937075,6,11.8
214,28551511,1499937086,11,10.4
215,28537570,1499937105,19,11.6
216,28551504,1499937114,9,11.8
217,28537563,1499937131,17,12.8
218,28551497,1499937133,2,12.7
219,28565438,1499937140,7,12
220,28579385,1499937148,8,11.7
221,28565431,1499937169,21,11.7
222,28579378,1499937174,5,10.5
223,28593332,1499937183,9,10.8
224,28607293,1499937191,8,10.5
225,28621261,1499937193,2,8.8
226,28607286,1499937213,20,9.9
227,28621254,1499937221,8,9
228,28635229,1499937224,3,9.1
229,28621247,1499937252,28,11.2
230,28607272,1499937281,29,13.3
231,28593304,1499937356,75,18.7
232,28579343,1499937441,85,26.7
233,28593297,1499937451,10,26.8
234,28579336,1499937512,61,32.1
235,28593290,1499937522,10,32.9
236,28579329,1499937588,66,37.5
237,28565375,1499937646,58,42.5
238,28551428,1499937770,124,54.6
239,28565369,1499937779,9,52.7
240,28551422,1499937810,31,52.9
241,28537481,1499937838,28,48.2
242,28523547,1499937883,45,44.2
243,28509620,1499937902,19,45.1
244,28523540,1499937909,7,39.7
245,28537467,1499937920,11,39.8
246,28523533,1499938068,148,48
247,28537460,1499938071,3,42.5
248,28551394,1499938079,8,30.9
249,28537453,1499938099,20,32
250,28523519,1499938184,85,37.4
251,28537446,1499938191,7,35.3
252,28523512,1499938247,56,36.4
253,28509585,1499938307,60,40.5
254,28495665,1499938409,102,50
255,28481752,1499938485,76,56.5
256,28467845,1499938532,47,46.4
257,28481745,1499938540,8,46.9
258,28467838,1499938555,15,47.6
259,28481738,1499938557,2,45.8
260,28467831,1499938688,131,50.4
261,28453931,1499938740,52,54.9
262,28467824,1499938742,2,49.5
263,28453924,1499938756,14,44.9
264,28440031,1499939002,246,59.3
265,28453917,1499939010,8,52.5
266,28467810,1499939021,11,48.9
267,28453910,1499939098,77,55.8
268,28467803,1499939107,9,55.2
269,28453903,1499939151,44,59.4
270,28467796,1499939154,3,46.6
271,28481696,1499939165,11,42.5
272,28467789,1499939181,16,43.9
273,28453889,1499939256,75,50
274,28439996,1499939306,50,30.4
275,28453882,1499939313,7,30.3
276,28439989,1499939369,56,34.8
277,28426103,1499939382,13,28.4
278,28412224,1499939403,21,29.6
279,28398351,1499939466,63,31.5
280,28384485,1499939511,45,35.7
281,28370626,1499939530,19,36.5
282,28384478,1499939541,11,36
283,28370619,1499939569,28,31.3
284,28356767,1499939590,21,28.4
285,28342921,1499939613,23,30
286,28329082,1499939660,47,29.1
287,28315250,1499939673,13,29.1
288,28301425,1499939698,25,29.5
289,28287606,1499939729,31,26.3
290,28273794,1499939743,14,23.2
291,28259989,1499939838,95,30.8
292,28273787,1499939845,7,30.4
293,28259982,1499939949,104,38
294,28246184,1499939986,37,39.6
295,28232392,1499940017,31,40.4
296,28218607,1499940179,162,51.9
297,28204829,1499940194,15,52.1
298,28191058,1499940261,67,56.3
299,28204823,1499940270,9,54.1
300,28191052,1499940321,51,57.8
301,28177287,1499940335,14,49.7
302,28191045,1499940344,9,49.9
303,28204810,1499940346,2,39.7
304,28191039,1499940496,150,51
305,28177274,1499940534,38,51.7
306,28191032,1499940544,10,36.5
307,28177267,1499940583,39,38.9
308,28163509,1499940614,31,35.3
309,28149758,1499940662,48,39.2
310,28136014,1499940688,26,36.7
311,28122276,1499940717,29,38.2
312,28136007,1499940729,12,38.5
313,28122269,1499940757,28,41.1
314,28136000,1499940768,11,27.2
315,28149738,1499940779,11,24.5
316,28135994,1499940792,13,24.8
317,28122256,1499940833,41,25
318,28108525,1499940849,16,23.5
319,28094801,1499940872,23,21
320,28108519,1499940877,5,18.9
