num, diff, time, interval, avg
3,27959006,1502872870,45,45
4,27972657,1502872875,5,25
5,27958999,1502872951,76,42
6,27945348,1502872983,32,39.5
7,27931703,1502872998,15,34.6
8,27945341,1502873001,3,29.333333333333332
9,27958986,1502873005,4,25.714285714285715
10,27945335,1502873019,14,24.25
11,27931690,1502873051,32,25.11111111111111
12,27918052,1502873083,32,25.8
13,27931683,1502873095,12,22.5
14,27945321,1502873099,4,22.4
15,27931676,1502873119,20,16.8
16,27945314,1502873130,11,14.7
17,27958959,1502873136,6,13.8
18,27972610,1502873140,4,13.9
19,27958952,1502873156,16,15.1
20,27945301,1502873170,14,15.1
21,27958946,1502873176,6,12.5
22,27945295,1502873193,17,11
23,27958940,1502873204,11,10.9
24,27945289,1502873235,31,13.6
25,27958934,1502873247,12,12.8
26,27972585,1502873257,10,12.7
27,27958927,1502873297,40,16.1
28,27945276,1502873326,29,18.6
29,27931631,1502873339,13,18.3
30,27945269,1502873345,6,17.5
31,27931624,1502873382,37,20.6
32,27945262,1502873385,3,19.2
33,27958907,1502873390,5,18.6
34,27972558,1502873402,12,16.7
35,27986216,1502873413,11,16.6
36,27972551,1502873440,27,18.3
37,27958893,1502873471,31,17.4
38,27972544,1502873475,4,14.9
39,27958886,1502873530,55,19.1
40,27945235,1502873550,20,20.5
41,27958880,1502873561,11,17.9
42,27972531,1502873568,7,18.3
43,27986189,1502873578,10,18.8
44,27999854,1502873587,9,18.5
45,28013525,1502873597,10,18.4
46,27999847,1502873621,24,18.1
47,27986176,1502873638,17,16.7
48,27972511,1502873661,23,18.6
49,27986169,1502873664,3,13.4
50,27999834,1502873675,11,12.5
51,27986163,1502873723,48,16.2
52,27972498,1502873743,20,17.5
53,27986156,1502873752,9,17.4
54,27972491,1502873781,29,19.4
55,27958833,1502873799,18,20.2
56,27972484,1502873810,11,18.9
57,27958826,1502873844,34,20.6
58,27972477,1502873851,7,19
59,27958819,1502873870,19,20.6
60,27972470,1502873878,8,20.3
61,27986128,1502873881,3,15.8
62,27972463,1502873894,13,15.1
63,27986121,1502873902,8,15
64,27972456,1502873915,13,13.4
65,27986114,1502873923,8,12.4
66,27972449,1502873938,15,12.8
67,27986107,1502873942,4,9.8
68,27999772,1502873945,3,9.4
69,28013443,1502873947,2,7.7
70,28027121,1502873953,6,7.5
71,28040806,1502873964,11,8.3
72,28027115,1502873980,16,8.6
73,28013430,1502874004,24,10.2
74,27999752,1502874030,26,11.5
75,28013423,1502874032,2,10.9
76,27999745,1502874051,19,11.3
77,28013416,1502874055,4,11.3
78,28027094,1502874056,1,11.1
79,28040779,1502874060,4,11.3
80,28027088,1502874092,32,13.9
81,28040773,1502874104,12,14
82,28054464,1502874114,10,13.4
83,28068162,1502874121,7,11.7
84,28081867,1502874128,7,9.8
85,28068156,1502874157,29,12.5
86,28054451,1502874183,26,13.2
87,28068149,1502874189,6,13.4
88,28081854,1502874199,10,14.3
89,28095565,1502874203,4,14.3
90,28081847,1502874225,22,13.3
91,28068136,1502874238,13,13.4
92,28081841,1502874245,7,13.1
93,28095552,1502874257,12,13.6
94,28081834,1502874276,19,14.8
95,28068123,1502874299,23,14.2
96,28054418,1502874320,21,13.7
97,28068116,1502874329,9,14
98,28081821,1502874332,3,13.3
99,28095532,1502874339,7,13.6
100,28109250,1502874350,11,12.5
101,28095525,1502874382,32,14.4
102,28081807,1502874400,18,15.5
103,28068096,1502874442,42,18.5
104,28054391,1502874474,32,19.8
105,28068089,1502874485,11,18.6
106,28054384,1502874506,21,18.6
107,28040686,1502874546,40,21.7
108,28026995,1502874573,27,24.1
109,28040680,1502874580,7,24.1
110,28026989,1502874594,14,24.4
111,28013304,1502874627,33,24.5
112,28026982,1502874636,9,23.6
113,28013297,1502874654,18,21.2
114,27999619,1502874684,30,21
115,27985948,1502874702,18,21.7
116,27999613,1502874706,4,20
117,28013284,1502874712,6,16.6
118,28026962,1502874720,8,14.7
119,28040647,1502874732,12,15.2
120,28026956,1502874750,18,15.6
121,28013271,1502874780,30,15.3
122,28026949,1502874784,4,14.8
123,28013264,1502874801,17,14.7
124,28026942,1502874813,12,12.9
125,28013257,1502874831,18,12.9
126,28026935,1502874837,6,13.1
127,28040620,1502874844,7,13.2
128,28054311,1502874854,10,13.4
129,28068009,1502874858,4,12.6
130,28081714,1502874866,8,11.6
131,28095425,1502874877,11,9.7
132,28109143,1502874885,8,10.1
133,28122868,1502874897,12,9.6
134,28136599,1502874904,7,9.1
135,28150337,1502874915,11,8.4
136,28136592,1502874932,17,9.5
137,28150330,1502874934,2,9
138,28164075,1502874946,12,9.2
139,28177826,1502874947,1,8.9
140,28191584,1502874958,11,9.2
141,28205349,1502874963,5,8.6
142,28191577,1502875002,39,11.7
143,28177812,1502875015,13,11.8
144,28164054,1502875056,41,15.2
145,28177805,1502875065,9,15
146,28164047,1502875079,14,14.7
147,28150296,1502875105,26,17.1
148,28164041,1502875111,6,16.5
149,28177792,1502875119,8,17.2
150,28164034,1502875138,19,18
151,28177785,1502875143,5,18
152,28164027,1502875156,13,15.4
153,28177778,1502875163,7,14.8
154,28191536,1502875174,11,11.8
155,28205301,1502875183,9,11.8
156,28191529,1502875229,46,15
157,28205294,1502875231,2,12.6
158,28191522,1502875258,27,14.7
159,28205287,1502875264,6,14.5
160,28191515,1502875314,50,17.6
161,28177750,1502875336,22,19.3
162,28163992,1502875379,43,22.3
163,28150241,1502875395,16,23.2
164,28136496,1502875421,26,24.7
165,28150234,1502875424,3,24.1
166,28163979,1502875435,11,20.6
167,28177730,1502875442,7,21.1
168,28191488,1502875446,4,18.8
169,28205253,1502875452,6,18.8
170,28191481,1502875471,19,15.7
171,28177716,1502875487,16,15.1
172,28191474,1502875496,9,11.7
173,28205239,1502875504,8,10.9
174,28191467,1502875517,13,9.6
175,28177702,1502875589,72,16.5
176,28191460,1502875599,10,16.4
177,28205225,1502875605,6,16.3
178,28218997,1502875616,11,17
179,28232775,1502875622,6,17
180,28246560,1502875626,4,15.5
181,28232768,1502875642,16,15.5
182,28218983,1502875657,15,16.1
183,28205205,1502875671,14,16.7
184,28191433,1502875685,14,16.8
185,28205198,1502875694,9,10.5
186,28191426,1502875712,18,11.3
187,28205191,1502875714,2,10.9
188,28191419,1502875735,21,11.9
189,28205184,1502875740,5,11.8
190,28218956,1502875745,5,11.9
191,28205178,1502875782,37,14
192,28191406,1502875812,30,15.5
193,28177641,1502875828,16,15.7
194,28163883,1502875854,26,16.9
195,28177634,1502875857,3,16.3
196,28191392,1502875865,8,15.3
197,28177627,1502875895,30,18.1
198,28163869,1502875914,19,17.9
199,28177620,1502875915,1,17.5
200,28163862,1502875941,26,19.6
201,28177613,1502875945,4,16.3
202,28191371,1502875949,4,13.7
203,28177606,1502875962,13,13.4
204,28191364,1502875968,6,11.4
205,28177599,1502876009,41,15.2
206,28191357,1502876011,2,14.6
207,28177592,1502876038,27,14.3
208,28163834,1502876055,17,14.1
209,28177585,1502876058,3,14.3
210,28163827,1502876109,51,16.8
211,28150076,1502876126,17,18.1
212,28163821,1502876135,9,18.6
213,28177572,1502876144,9,18.2
214,28191330,1502876153,9,18.5
215,28177565,1502876203,50,19.4
216,28163807,1502876244,41,23.3
217,28150056,1502876279,35,24.1
218,28136311,1502876344,65,28.9
219,28150049,1502876356,12,29.8
220,28136304,1502876386,30,27.7
221,28122566,1502876409,23,28.3
222,28108835,1502876438,29,30.3
223,28095110,1502876467,29,32.3
224,28108828,1502876469,2,31.6
225,28122553,1502876478,9,27.5
226,28108822,1502876514,36,27
227,28122547,1502876520,6,24.1
228,28108816,1502876604,84,26
229,28095091,1502876635,31,27.9
230,28081373,1502876732,97,34.6
231,28067662,1502876773,41,36.4
232,28081366,1502876777,4,33.9
233,28067655,1502876817,40,35
234,28081359,1502876828,11,35.9
235,28095070,1502876838,10,36
236,28081352,1502876853,15,33.9
237,28067641,1502876875,22,35.5
238,28081345,1502876880,5,27.6
239,28095056,1502876885,5,25
240,28081338,1502876935,50,20.3
241,28067627,1502876953,18,18
242,28053923,1502876982,29,20.5
243,28040225,1502877080,98,26.3
244,28026534,1502877112,32,28.4
245,28012850,1502877147,35,30.9
246,27999172,1502877176,29,32.3
247,27985501,1502877258,82,38.3
248,27971837,1502877292,34,41.2
249,27958179,1502877319,27,43.4
250,27944528,1502877338,19,40.3
251,27958172,1502877342,4,38.9
252,27944521,1502877390,48,40.8
253,27930877,1502877415,25,33.5
254,27917239,1502877485,70,37.3
255,27903608,1502877633,148,48.6
256,27917232,1502877645,12,46.9
257,27930863,1502877647,2,38.9
258,27917225,1502877676,29,38.4
259,27903594,1502877749,73,43
260,27889970,1502877800,51,46.2
261,27876352,1502877817,17,47.5
262,27862741,1502877834,17,44.4
263,27849137,1502877853,19,43.8
264,27862735,1502877857,4,37.2
265,27876339,1502877866,9,23.3
266,27889950,1502877870,4,22.5
267,27903568,1502877875,5,22.8
268,27889944,1502877903,28,22.7
269,27876326,1502877924,21,17.5
270,27862715,1502877942,18,14.2
271,27876319,1502877951,9,13.4
272,27862708,1502877967,16,13.3
273,27849104,1502877993,26,14
274,27835506,1502878031,38,17.4
275,27821915,1502878063,32,19.7
276,27835499,1502878070,7,20
277,27821908,1502878124,54,24.9
278,27835492,1502878136,12,23.3
279,27849083,1502878141,5,21.7
280,27835485,1502878160,19,21.8
281,27821894,1502878210,50,25.9
282,27808310,1502878238,28,27.1
283,27794732,1502878264,26,27.1
284,27808303,1502878270,6,23.9
285,27794725,1502878336,66,27.3
286,27781154,1502878353,17,28.3
287,27767589,1502878417,64,29.3
288,27781147,1502878421,4,28.5
289,27767582,1502878455,34,31.4
290,27754024,1502878500,45,34
291,27767575,1502878511,11,30.1
292,27754017,1502878620,109,38.2
293,27767568,1502878625,5,36.1
294,27754010,1502878645,20,37.5
295,27740459,1502878717,72,38.1
296,27726914,1502878802,85,44.9
297,27740452,1502878813,11,39.6
298,27753997,1502878817,4,39.6
299,27740446,1502878845,28,39
300,27726901,1502878879,34,37.9
301,27713363,1502878919,40,40.8
302,27699832,1502878944,25,32.4
303,27686307,1502878983,39,35.8
304,27672789,1502878997,14,35.2
305,27659277,1502879023,26,30.6
306,27672782,1502879031,8,22.9
307,27659270,1502879048,17,23.5
308,27645765,1502879106,58,28.9
309,27659263,1502879114,8,26.9
310,27672768,1502879123,9,24.4
311,27686280,1502879129,6,21
312,27672762,1502879147,18,20.3
313,27659250,1502879221,74,23.8
314,27645745,1502879312,91,31.5
315,27632247,1502879348,36,32.5
316,27645739,1502879360,12,32.9
317,27659237,1502879369,9,32.1
318,27672742,1502879379,10,27.3
319,27659230,1502879483,104,36.9
320,27672735,1502879492,9,36.9
321,27659223,1502879546,54,41.7
322,27645718,1502879564,18,41.7
323,27632220,1502879588,24,36.7
324,27645712,1502879600,12,28.8
325,27632214,1502879675,75,32.7
326,27618722,1502879689,14,32.9
327,27632207,1502879692,3,32.3
328,27645699,1502879694,2,31.5
329,27659197,1502879700,6,21.7
