num, diff, time, interval, avg
3,27959006,1502885314,27,27
4,27945355,1502885411,97,62
5,27931710,1502885426,15,46.333333333333336
6,27945348,1502885431,5,36
7,27931703,1502885446,15,31.8
8,27918065,1502885471,25,30.666666666666668
9,27904434,1502885492,21,29.285714285714285
10,27890809,1502885507,15,27.5
11,27904427,1502885510,3,24.77777777777778
12,27918052,1502885515,5,22.8
13,27931683,1502885521,6,20.7
14,27918045,1502885545,24,13.4
15,27931676,1502885549,4,12.3
16,27918038,1502885579,30,14.8
17,27931669,1502885583,4,13.7
18,27918031,1502885602,19,13.1
19,27904400,1502885624,22,13.2
20,27890775,1502885639,15,13.2
21,27904393,1502885643,4,13.3
22,27918018,1502885652,9,13.7
23,27931649,1502885658,6,13.7
24,27945287,1502885662,4,11.7
25,27931642,1502885677,15,12.8
26,27918004,1502885697,20,11.8
27,27931635,1502885701,4,11.8
28,27945273,1502885705,4,10.3
29,27931628,1502885722,17,9.8
30,27945266,1502885733,11,9.4
31,27931621,1502885755,22,11.2
32,27945259,1502885765,10,11.3
33,27958904,1502885769,4,11.1
34,27945253,1502885783,14,12.1
35,27958898,1502885788,5,11.1
36,27972549,1502885795,7,9.8
37,27958891,1502885816,21,11.5
38,27972542,1502885826,10,12.1
39,27986200,1502885835,9,11.3
40,27972535,1502885893,58,16
41,27958877,1502885910,17,15.5
42,27972528,1502885914,4,14.9
43,27986186,1502885916,2,14.7
44,27972521,1502885930,14,14.7
45,27986179,1502885939,9,15.1
46,27999844,1502885942,3,14.7
47,28013515,1502885948,6,13.2
48,28027193,1502885958,10,13.2
49,28013508,1502885972,14,13.7
50,28027186,1502885981,9,8.8
51,28040871,1502885988,7,7.8
52,28027180,1502886020,32,10.6
53,28040865,1502886023,3,10.7
54,28027174,1502886043,20,11.3
55,28040859,1502886047,4,10.8
56,28054550,1502886057,10,11.5
57,28040852,1502886072,15,12.4
58,28027161,1502886096,24,13.8
59,28013476,1502886113,17,14.1
60,27999798,1502886127,14,14.6
61,27986127,1502886172,45,18.4
62,27999792,1502886175,3,15.5
63,28013463,1502886179,4,15.6
64,27999785,1502886204,25,16.1
65,27986114,1502886232,28,18.5
66,27972449,1502886257,25,20
67,27958791,1502886275,18,20.3
68,27945140,1502886333,58,23.7
69,27958785,1502886340,7,22.7
70,27945134,1502886358,18,23.1
71,27958779,1502886365,7,19.3
72,27945128,1502886383,18,20.8
73,27958773,1502886391,8,21.2
74,27972424,1502886395,4,19.1
75,27958766,1502886430,35,19.8
76,27972417,1502886434,4,17.7
77,27986075,1502886440,6,16.5
78,27972410,1502886457,17,12.4
79,27958752,1502886481,24,14.1
80,27945101,1502886495,14,13.7
81,27958746,1502886504,9,13.9
82,27972397,1502886515,11,13.2
83,27986055,1502886519,4,12.8
84,27972390,1502886551,32,15.6
85,27986048,1502886562,11,13.2
86,27972383,1502886597,35,16.3
87,27986041,1502886604,7,16.4
88,27999706,1502886613,9,15.6
89,28013377,1502886623,10,14.2
90,27999699,1502886638,15,14.3
91,27986028,1502886652,14,14.8
92,27999693,1502886655,3,14
93,28013364,1502886656,1,13.7
94,28027042,1502886659,3,10.8
95,28040727,1502886671,12,10.9
96,28054418,1502886683,12,8.6
97,28040720,1502886703,20,9.9
98,28027029,1502886726,23,11.3
99,28040714,1502886734,8,11.1
100,28027023,1502886747,13,10.9
101,28013338,1502886761,14,10.9
102,28027016,1502886769,8,11.4
103,28040701,1502886781,12,12.5
104,28054392,1502886784,3,12.5
105,28040694,1502886797,13,12.6
106,28027003,1502886811,14,12.8
107,28040688,1502886822,11,11.9
108,28026997,1502886868,46,14.2
109,28040682,1502886874,6,14
110,28026991,1502886902,28,15.5
111,28040676,1502886909,7,14.8
112,28054367,1502886913,4,14.4
113,28040669,1502886929,16,14.8
114,28026978,1502886943,14,15.9
115,28013293,1502886986,43,18.9
116,27999615,1502887002,16,19.1
117,28013286,1502887005,3,18.3
118,28026964,1502887012,7,14.4
119,28040649,1502887019,7,14.5
120,28054340,1502887026,7,12.4
121,28068038,1502887029,3,12
122,28081743,1502887040,11,12.7
123,28068032,1502887062,22,13.3
124,28081737,1502887065,3,12.2
125,28095448,1502887066,1,8
126,28081730,1502887084,18,8.2
127,28095441,1502887087,3,8.2
128,28109159,1502887089,2,7.7
129,28122884,1502887094,5,7.5
130,28136615,1502887099,5,7.3
131,28150353,1502887103,4,7.4
132,28164098,1502887109,6,6.9
133,28177850,1502887116,7,5.4
134,28164092,1502887159,43,9.4
135,28150341,1502887186,27,12
136,28164086,1502887198,12,11.4
137,28177837,1502887206,8,11.9
138,28191595,1502887216,10,12.7
139,28177830,1502887251,35,15.7
140,28164072,1502887274,23,17.5
141,28177823,1502887278,4,17.5
142,28164065,1502887292,14,18.3
143,28150314,1502887322,30,20.6
144,28136569,1502887338,16,17.9
145,28150307,1502887340,2,15.4
146,28164052,1502887346,6,14.8
147,28177803,1502887352,6,14.6
148,28164045,1502887366,14,15
149,28177796,1502887375,9,12.4
150,28191554,1502887378,3,10.4
151,28205319,1502887383,5,10.5
152,28219091,1502887389,6,9.7
153,28232869,1502887395,6,7.3
154,28219084,1502887409,14,7.1
155,28232862,1502887418,9,7.8
156,28219077,1502887442,24,9.6
157,28205299,1502887474,32,12.2
158,28219071,1502887477,3,11.1
159,28205293,1502887503,26,12.8
160,28191521,1502887525,22,14.7
161,28177756,1502887542,17,15.9
162,28163998,1502887561,19,17.2
163,28177749,1502887567,6,17.2
164,28163991,1502887599,32,19
165,28177742,1502887601,2,18.3
166,28163984,1502887624,23,18.2
167,28150233,1502887647,23,17.3
168,28136488,1502887670,23,19.3
169,28150226,1502887678,8,17.5
170,28163971,1502887683,5,15.8
171,28177722,1502887692,9,15
172,28163964,1502887725,33,16.4
173,28150213,1502887741,16,17.4
174,28136468,1502887764,23,16.5
175,28150206,1502887774,10,17.3
176,28136461,1502887821,47,19.7
177,28122723,1502887840,19,19.3
178,28136454,1502887844,4,17.4
179,28122716,1502887858,14,18
180,28136447,1502887870,12,18.7
181,28122709,1502887890,20,19.8
182,28136440,1502887899,9,17.4
183,28150178,1502887906,7,16.5
184,28163923,1502887911,5,14.7
185,28150172,1502887926,15,15.2
186,28163917,1502887929,3,10.8
187,28150166,1502887942,13,10.2
188,28136421,1502887955,13,11.1
189,28150159,1502887958,3,10
190,28163904,1502887960,2,9
191,28177655,1502887961,1,7.1
192,28191413,1502887973,12,7.4
193,28177648,1502887998,25,9.2
194,28163890,1502888026,28,11.5
195,28177641,1502888033,7,10.7
196,28163883,1502888073,40,14.4
197,28177634,1502888075,2,13.3
198,28191392,1502888076,1,12.1
199,28205157,1502888079,3,12.1
200,28218929,1502888091,12,13.1
201,28232707,1502888103,12,14.2
202,28246492,1502888108,5,13.5
203,28260284,1502888118,10,12
204,28246486,1502888131,13,10.5
205,28260278,1502888133,2,10
206,28246480,1502888154,21,8.1
207,28260272,1502888156,2,8.1
208,28274070,1502888164,8,8.8
209,28260265,1502888202,38,12.3
210,28274063,1502888205,3,11.4
211,28260258,1502888218,13,11.5
212,28246460,1502888246,28,13.8
213,28260252,1502888256,10,13.8
214,28246454,1502888289,33,15.8
215,28260246,1502888298,9,16.5
216,28274044,1502888304,6,15
217,28287849,1502888306,2,15
218,28274037,1502888320,14,15.6
219,28287842,1502888331,11,12.9
220,28274030,1502888345,14,14
221,28260225,1502888376,31,15.8
222,28274023,1502888385,9,13.9
223,28287828,1502888387,2,13.1
224,28301640,1502888393,6,10.4
225,28315459,1502888400,7,10.2
226,28301634,1502888418,18,11.4
227,28315453,1502888420,2,11.4
228,28301628,1502888463,43,14.3
229,28315447,1502888464,1,13.3
230,28301622,1502888505,41,16
231,28315441,1502888512,7,13.6
232,28329266,1502888516,4,13.1
233,28343098,1502888517,1,13
234,28356937,1502888520,3,12.7
235,28370783,1502888523,3,12.3
236,28384635,1502888530,7,11.2
237,28370776,1502888550,20,13
238,28384628,1502888554,4,9.1
239,28398487,1502888566,12,10.2
240,28384621,1502888603,37,9.8
241,28398480,1502888609,6,9.7
242,28384614,1502888660,51,14.4
243,28398473,1502888665,5,14.8
244,28412339,1502888668,3,14.8
245,28398466,1502888689,21,16.6
246,28412332,1502888695,6,16.5
247,28398459,1502888742,47,19.2
248,28384593,1502888782,40,22.8
249,28370734,1502888852,70,28.6
250,28356882,1502888866,14,26.3
251,28370728,1502888874,8,26.5
252,28384580,1502888882,8,22.2
253,28398439,1502888894,12,22.9
254,28384573,1502888962,68,29.4
255,28398432,1502888967,5,27.8
256,28412298,1502888972,5,27.7
257,28426171,1502888975,3,23.3
258,28440050,1502888980,5,19.8
259,28426164,1502889034,54,18.2
260,28412285,1502889082,48,21.6
261,28398412,1502889107,25,23.3
262,28412278,1502889112,5,23
263,28426151,1502889121,9,22.7
264,28412272,1502889171,50,20.9
265,28398399,1502889187,16,22
266,28412265,1502889191,4,21.9
267,28426138,1502889203,12,22.8
268,28412259,1502889221,18,24.1
269,28398386,1502889237,16,20.3
270,28412252,1502889239,2,15.7
271,28426125,1502889240,1,13.3
272,28412246,1502889263,23,15.1
273,28426119,1502889272,9,15.1
274,28439998,1502889280,8,10.9
275,28453884,1502889284,4,9.7
276,28467777,1502889288,4,9.7
277,28453877,1502889304,16,10.1
278,28467770,1502889307,3,8.6
279,28453870,1502889321,14,8.4
280,28439977,1502889337,16,9.8
281,28453863,1502889345,8,10.5
282,28439970,1502889362,17,9.9
283,28426084,1502889446,84,17.4
284,28412205,1502889511,65,23.1
285,28398332,1502889530,19,24.6
286,28384466,1502889583,53,29.5
287,28398325,1502889587,4,28.3
288,28384459,1502889600,13,29.3
289,28370600,1502889652,52,33.1
290,28356748,1502889675,23,33.8
291,28370594,1502889681,6,33.6
292,28384446,1502889690,9,32.8
293,28370587,1502889705,15,25.9
294,28356735,1502889720,15,20.9
295,28370581,1502889724,4,19.4
296,28384433,1502889731,7,14.8
297,28370574,1502889910,179,32.3
298,28356722,1502889930,20,33
299,28342876,1502890015,85,36.3
300,28356715,1502890019,4,34.4
301,28342869,1502890122,103,44.1
302,28329030,1502890218,96,52.8
303,28342862,1502890221,3,51.6
304,28329023,1502890248,27,52.8
305,28315191,1502890264,16,54
306,28301366,1502890289,25,55.8
307,28287547,1502890311,22,40.1
308,28273735,1502890356,45,42.6
309,28287540,1502890365,9,35
310,28273728,1502890413,48,39.4
311,28259923,1502890452,39,33
312,28273721,1502890457,5,23.9
313,28287526,1502890459,2,23.8
314,28301338,1502890469,10,22.1
315,28287519,1502890510,41,24.6
316,28273707,1502890537,27,24.8
317,28259902,1502890553,16,24.2
318,28246104,1502890595,42,23.9
319,28259896,1502890600,5,23.5
320,28273694,1502890604,4,19.1
321,28287499,1502890613,9,16.1
322,28273687,1502890642,29,18.5
323,28259882,1502890749,107,29
324,28246084,1502890827,78,35.8
325,28259876,1502890839,12,32.9
326,28246078,1502890868,29,33.1
327,28259870,1502890878,10,32.5
328,28246072,1502890909,31,31.4
329,28232280,1502890961,52,36.1
330,28218495,1502890992,31,38.8
331,28204717,1502891031,39,41.8
332,28190946,1502891045,14,40.3
333,28177181,1502891059,14,31
334,28163423,1502891088,29,26.1
335,28149672,1502891132,44,29.3
336,28135928,1502891167,35,29.9
337,28122190,1502891188,21,31
338,28108459,1502891202,14,29.3
339,28094735,1502891227,25,26.6
340,28081017,1502891275,48,28.3
341,28094728,1502891283,8,25.2
342,28081010,1502891298,15,25.3
343,28094721,1502891299,1,24
344,28081003,1502891317,18,22.9
345,28094714,1502891326,9,19.4
346,28080996,1502891366,40,19.9
347,28067285,1502891474,108,28.6
348,28053581,1502891525,51,32.3
349,28039883,1502891542,17,31.5
350,28053574,1502891550,8,27.5
351,28039876,1502891607,57,32.4
352,28053567,1502891611,4,31.3
353,28039869,1502891649,38,35
354,28026178,1502891679,30,36.2
355,28039862,1502891687,8,36.1
356,28026171,1502891725,38,35.9
357,28012487,1502891747,22,27.3
358,28026164,1502891753,6,22.8
359,28012480,1502891799,46,25.7
360,27998803,1502891825,26,27.5
361,27985132,1502891851,26,24.4
362,27998796,1502891860,9,24.9
363,27985125,1502891880,20,23.1
364,27971461,1502891931,51,25.2
365,27985118,1502891943,12,25.6
366,27971454,1502892016,73,29.1
367,27957797,1502892053,37,30.6
368,27944146,1502892089,36,33.6
369,27930502,1502892113,24,31.4
370,27944139,1502892119,6,29.4
371,27957783,1502892124,5,27.3
372,27944132,1502892139,15,27.9
373,27957776,1502892143,4,26.3
374,27971427,1502892151,8,22
375,27957770,1502892168,17,22.5
376,27971421,1502892172,4,15.6
